41
18
29
37
40
1
28
32
17
15
22
19
47
43
44
15
44
33
29
12
9
24
23
47
11
2
14
10
1
33
4
44
48
4
40
27
39
23
46
26
34
39
36
34
22
32
5
28
48
24
27
22
32
30
13
4
18
34
23
43
12
47
25
2
5
37
20
43
9
11
2
1
47
27
44
2
11
45
26
1
39
24
23
47
31
11
29
8
31
44
29
33
30
9
10
46
40
41
20
16
48
37
49
17
6
23
4
11
50
43
3
36
43
23
48
13
6
12
30
25
33
18
2
10
13
43
23
18
11
46
44
15

29
36
29
36
39
15
29
3
31
7
29
1
48
10
43
28
32
17
41
20
47
33
4
28
4
8
15
31
8
25
26
23
20
39
35
6
31
20
8
46
28
32
15
17
4
46
19
35
25
48
37
12
41
12
11
33
40
47
20

30
4
49
13
7
21
