1000 0.0304
2000 0.0647
3000 0.0991
4000 0.1346
5000 0.1696
6000 0.2074
7000 0.2448
8000 0.2838
9000 0.3065
10000 0.3389
11000 0.3869
12000 0.4326
13000 0.4742
14000 0.5129
15000 0.5692
16000 0.5936
17000 0.6362
18000 0.6755
19000 0.7076
20000 0.7557
21000 0.8098
22000 0.8538
23000 0.9404
24000 0.9753
25000 1.0369
26000 1.0654
27000 1.1399
28000 1.1996
29000 1.287
30000 1.355
31000 1.3848
32000 1.4345
33000 1.4577
34000 1.6195
35000 1.6967
36000 1.7465
37000 1.7722
38000 1.9399
39000 2.1241
40000 2.1566
41000 2.2228
42000 2.3625
43000 2.7566
44000 2.8513
45000 2.851
46000 2.9221
47000 3.5345
48000 3.6295
49000 3.6281
50000 4.1824
51000 4.4959
52000 4.553
53000 4.6772
54000 4.7411
55000 4.8319
56000 4.901
57000 5.0246
58000 5.2233
59000 5.3019
60000 5.3513
61000 5.3426
62000 5.4384
63000 5.6296
64000 5.5841
65000 5.6645
66000 5.7058
67000 5.8182
68000 5.8191
69000 5.2991
70000 5.3253
71000 5.3205
72000 5.4244
73000 5.5056
74000 5.1925
75000 4.7509
76000 4.9613
77000 5.0389
78000 5.0813
79000 4.6261
80000 4.4065
81000 4.5573
82000 4.8989
83000 5.4478
84000 5.3867
85000 5.5743
86000 5.5359
87000 5.6773
88000 5.7021
89000 5.7652
90000 5.809
91000 5.103
92000 5.3135
93000 6.0042
94000 6.1246
95000 6.3118
96000 6.2205
97000 6.3643
98000 6.2933
99000 6.5682
100000 6.6551
101000 6.6653
102000 6.5968
103000 6.781
104000 7.8222
105000 7.4037
106000 6.8948
107000 6.9884
108000 7.0366
109000 7.1018
110000 7.1161
111000 7.3556
112000 7.5899
113000 7.3581
114000 7.3879
115000 7.4698
116000 7.5449
117000 7.5892
118000 7.6692
119000 7.9847
120000 7.9235
121000 7.876
122000 8.214
123000 8.3129
124000 8.3974
125000 8.4218
126000 7.2401
127000 8.2101
128000 9.6805
129000 10.8291
130000 12.217
131000 11.5592
132000 10.3121
133000 10.516
134000 10.435
135000 10.3301
136000 9.3431
137000 9.1493
138000 9.1221
139000 8.236
140000 9.2876
141000 9.2836
142000 9.3542
143000 9.4413
144000 9.8574
145000 8.5618
146000 9.4738
147000 10.0541
148000 9.7482
149000 9.7684
150000 9.8158
151000 9.5883
152000 9.944
153000 10.4532
154000 10.4645
155000 10.4908
156000 10.3206
157000 9.8652
158000 10.3825
159000 11.8992
160000 12.3446
161000 11.0038
162000 11.023
163000 10.974
164000 10.9318
165000 10.8533
166000 10.9104
167000 10.9887
168000 13.4335
169000 14.4987
170000 14.3721
171000 13.3792
172000 11.8105
173000 11.8744
174000 12.534
175000 11.9733
176000 11.7523
177000 11.8083
178000 11.5256
179000 12.3033
180000 12.24
181000 12.552
182000 11.7193
183000 10.5574
184000 12.1846
185000 12.3674
186000 12.843
187000 12.4661
188000 11.5825
189000 12.6943
190000 12.6743
191000 13.2278
192000 12.7619
193000 11.5253
194000 13.2725
195000 12.8855
196000 13.293
197000 13.1327
198000 13.3027
199000 15.8223
200000 15.8277
201000 13.6292
202000 13.4002
203000 13.7241
204000 13.6433
205000 13.7029
206000 13.7387
207000 13.7153
208000 14.1057
209000 14.2143
210000 13.0796
211000 12.6482
212000 15.924
213000 14.879
214000 14.5073
215000 14.5231
216000 14.6452
217000 14.8913
218000 14.9082
219000 12.7759
220000 14.1255
221000 14.9157
222000 15.0347
223000 14.8564
224000 14.5461
225000 15.1658
226000 15.4178
227000 13.9097
228000 14.1072
229000 15.4687
230000 15.5957
231000 15.192
232000 14.6266
233000 15.9387
234000 15.7279
235000 15.7431
236000 15.8135
237000 16.3016
238000 16.0943
239000 15.6595
240000 15.3621
241000 16.3746
242000 16.5869
243000 14.4552
244000 16.957
245000 17.3552
246000 16.5848
247000 16.6868
248000 16.7529
249000 17.1945
250000 15.0948
251000 15.6815
252000 17.098
253000 16.9801
254000 15.7696
255000 17.1373
256000 18.0181
257000 16.4548
258000 15.6471
259000 17.5354
260000 17.3392
261000 17.3767
262000 17.7055
263000 18.0159
264000 16.3701
265000 15.4353
266000 17.9434
267000 17.8694
268000 17.4425
269000 17.1825
270000 18.2974
271000 18.0496
272000 16.4005
273000 21.0259
274000 19.0943
275000 18.9752
276000 18.8215
277000 18.3606
278000 16.958
279000 18.3293
280000 19.4691
281000 19.2474
282000 17.6783
283000 19.3943
284000 19.7257
285000 17.3789
286000 19.6447
287000 19.5589
288000 20.1333
289000 22.6904
290000 19.7199
291000 18.6864
292000 19.4642
293000 19.2381
294000 17.2273
295000 19.221
296000 20.6314
297000 19.7384
298000 20.0151
299000 22.2039
300000 20.3627
301000 21.1056
302000 19.7837
303000 17.8998
304000 19.123
305000 20.7982
306000 19.87
307000 19.7461
308000 21.1222
309000 19.5808
310000 19.8641
311000 21.719
312000 19.8615
313000 20.94
314000 21.4366
315000 21.4765
316000 21.4113
317000 21.5273
318000 19.4921
319000 21.2599
320000 21.6293
321000 18.9494
322000 23.7942
323000 22.7995
324000 21.9396
325000 27.3937
326000 24.5006
327000 22.6681
328000 22.6313
329000 22.0185
330000 23.0339
331000 20.7022
332000 19.7281
333000 23.0538
334000 21.5551
335000 22.2501
336000 22.9753
337000 23.0063
338000 24.0287
339000 22.5752
340000 20.2624
341000 23.5145
342000 23.6365
343000 21.6893
344000 26.3079
345000 23.6002
346000 24.2491
347000 22.3792
348000 21.2705
349000 26.5505
350000 27.5897
351000 25.7046
352000 24.9353
353000 21.5672
354000 24.8423
355000 22.2419
356000 23.2691
357000 26.0036
358000 29.8661
359000 29.0494
360000 25.566
361000 25.1217
362000 24.4253
363000 23.8864
364000 25.099
365000 23.5096
366000 25.7775
367000 22.5809
368000 23.4735
369000 25.7758
370000 22.2467
371000 25.7901
372000 26.5492
373000 25.3587
374000 24.9563
375000 23.1746
376000 26.2523
377000 26.2292
378000 26.1624
379000 25.1687
380000 24.4111
381000 26.1679
382000 24.188
383000 28.0411
384000 27.2974
385000 33.7035
386000 37.3664
387000 36.1583
388000 35.596
389000 36.0027
390000 30.4602
391000 26.5452
392000 34.7663
393000 48.0609
394000 47.1601
395000 37.0965
396000 35.4754
397000 35.6974
398000 34.3655
399000 25.2827
400000 23.5354
401000 22.6354
402000 27.3628
403000 24.9073
404000 27.3254
405000 28.3721
406000 28.3502
407000 27.0615
408000 25.6401
409000 29.2577
410000 25.692
411000 32.47
412000 40.5911
413000 40.5392
414000 37.4812
415000 39.7748
416000 43.2999
417000 36.2203
418000 40.1236
419000 31.1118
420000 25.9347
421000 23.5155
422000 27.0961
423000 27.0757
424000 29.607
425000 28.3772
426000 29.663
427000 33.2286
428000 41.6153
429000 45.0556
430000 42.6151
431000 40.3576
432000 32.9782
433000 28.3051
434000 26.2006
435000 27.8572
436000 26.6852
437000 29.4053
438000 29.6671
439000 29.4733
440000 29.4156
441000 30.5633
442000 30.8549
443000 33.8603
444000 37.2776
445000 40.4989
446000 31.986
447000 43.7304
448000 42.6153
449000 43.7669
450000 41.9799
451000 41.3714
452000 40.57
453000 39.4862
454000 43.7936
455000 42.6713
456000 42.8387
457000 34.748
458000 26.4898
459000 26.0127
460000 31.7853
461000 30.3537
462000 32.3683
463000 31.637
464000 31.343
465000 29.9563
466000 32.969
467000 38.7059
468000 38.2012
469000 35.0211
470000 32.9487
471000 33.5695
472000 33.6668
473000 38.5937
474000 44.3082
475000 45.2494
476000 45.1051
477000 44.3244
478000 31.0288
479000 32.5234
480000 33.9921
481000 35.9514
482000 31.1435
483000 33.4676
484000 32.0369
485000 34.7139
486000 40.1941
487000 48.4697
488000 47.6514
489000 40.2976
490000 28.6573
491000 29.3477
492000 30.6606
493000 37.072
494000 41.8261
495000 42.0079
496000 35.457
497000 30.1917
498000 33.8628
499000 32.3173
500000 35.0204
501000 35.0602
502000 34.7634
503000 33.3032
504000 35.1777
505000 33.6697
506000 32.1581
507000 36.4846
508000 35.5599
509000 35.5357
510000 32.315
511000 34.7511
512000 33.7524
513000 33.0942
514000 34.4997
515000 33.8478
516000 36.5092
517000 36.3424
518000 35.536
519000 36.8241
520000 49.9349
521000 51.4881
522000 46.6049
523000 51.5316
524000 49.0128
525000 49.343
526000 39.6868
527000 38.8709
528000 50.5312
529000 59.7968
530000 48.0883
531000 51.386
532000 51.1163
533000 44.3552
534000 40.6602
535000 38.3041
536000 38.3116
537000 36.8965
538000 37.8289
539000 38.3348
540000 38.2993
541000 40.6063
542000 40.4196
543000 40.0229
544000 42.3104
545000 38.9165
546000 37.5914
547000 39.3517
548000 38.4669
549000 38.904
550000 37.6926
551000 34.8678
552000 39.1343
553000 41.7686
554000 39.6754
555000 45.8901
556000 40.3978
557000 39.1769
558000 38.8683
559000 36.9866
560000 39.3944
561000 41.4407
562000 41.8004
563000 42.2791
564000 43.3408
565000 43.3889
566000 49.9561
567000 59.2701
568000 54.969
569000 54.5019
570000 50.1699
571000 56.8233
572000 54.6378
573000 56.969
574000 43.401
575000 51.3518
576000 43.8816
577000 39.0053
578000 41.2194
579000 47.4776
580000 49.7444
581000 49.1449
582000 44.5362
583000 41.0599
584000 40.8098
585000 49.2429
586000 53.2048
587000 49.7528
588000 50.2092
589000 63.6457
590000 55.0833
591000 59.1421
592000 55.0725
593000 39.2857
594000 38.0413
595000 42.9366
596000 45.3521
597000 41.1631
598000 37.5593
599000 39.812
600000 41.1685
601000 39.5138
602000 41.1276
603000 41.6373
604000 45.3996
605000 42.2132
606000 41.6136
607000 38.6557
608000 41.2368
609000 59.5899
610000 60.7437
611000 54.0637
612000 38.4157
613000 37.1573
614000 39.3464
615000 41.7434
616000 55.8919
617000 55.3374
618000 113.091
619000 178.791
620000 103.598
621000 60.3143
622000 49.5023
623000 38.1188
624000 40.8013
625000 54.0624
626000 61.5676
627000 45.83
628000 46.8941
629000 61.97
630000 61.8317
631000 62.1816
632000 50.9965
633000 38.8982
634000 39.9903
635000 57.5505
636000 59.4609
637000 59.7886
638000 56.5367
639000 61.6176
640000 60.3247
641000 74.6322
642000 191.33
643000 194.55
644000 195.72
645000 192.484
646000 130.071
647000 163.423
648000 196.487
649000 196.397
650000 198.026
651000 184.789
652000 57.5984
653000 49.2528
654000 47.3572
655000 40.5648
656000 43.247
657000 51.5295
658000 46.6483
659000 54.4801
660000 77.5801
661000 155.916
662000 73.5389
663000 60.5
664000 66.9161
665000 66.2178
666000 62.5
667000 54.5248
668000 60.868
669000 62.8085
670000 72.6058
671000 60.4032
672000 42.0532
673000 43.4098
674000 45.3795
675000 47.8042
676000 46.3299
677000 44.6529
678000 46.0858
679000 48.1118
680000 46.5216
681000 48.4295
682000 43.1057
683000 47.7324
684000 46.9307
685000 46.6927
686000 45.929
687000 46.763
688000 48.3557
689000 47.2294
690000 45.9326
691000 49.3175
692000 48.4182
693000 47.6515
694000 46.9005
695000 45.4378
696000 47.9636
697000 48.3088
698000 48.5393
699000 47.5665
700000 49.7845
701000 50.5088
702000 48.4011
703000 46.3746
704000 46.0139
705000 47.7482
706000 49.2627
707000 48.8366
708000 48.0643
709000 48.0332
710000 47.1964
711000 51.3862
712000 50.6171
713000 49.2182
714000 48.2258
715000 50.2996
716000 48.1653
717000 49.0987
718000 49.5823
719000 48.3913
720000 49.8799
721000 51.9253
722000 49.3307
723000 48.6674
724000 48.9995
725000 48.2007
726000 48.1306
727000 50.3328
728000 50.8311
729000 53.3291
730000 52.7215
731000 48.9298
732000 48.1358
733000 50.755
734000 51.5128
735000 51.3764
736000 49.7072
737000 47.9636
738000 50.1251
739000 51.9715
740000 52.2387
741000 53.5867
742000 49.5511
743000 48.306
744000 50.4322
745000 50.7267
746000 51.3003
747000 61.9808
748000 57.3467
749000 48.3982
750000 51.5168
751000 51.7536
752000 49.5021
753000 50.7194
754000 65.9793
755000 54.2593
756000 48.9424
757000 50.074
758000 50.8803
759000 52.1243
760000 53.1598
761000 53.5258
762000 51.6141
763000 51.9636
764000 52.1488
765000 50.8224
766000 51.0104
767000 52.6471
768000 52.2259
769000 55.6849
770000 54.3946
771000 54.4686
772000 55.8859
773000 52.0799
774000 51.9274
775000 52.5306
776000 54.4584
777000 53.2613
778000 53.7232
779000 53.5686
780000 52.1831
781000 51.6875
782000 51.5513
783000 53.8854
784000 56.8208
785000 60.9137
786000 75.3215
787000 71.7992
788000 47.4504
789000 51.5222
790000 55.7463
791000 53.7909
792000 53.7858
793000 53.2226
794000 55.6317
795000 56.8355
796000 53.5651
797000 55.1168
798000 55.4857
799000 54.6428
800000 55.342
801000 54.7434
802000 55.5921
803000 52.6799
804000 57.8396
805000 55.7565
806000 55.017
807000 54.7483
808000 56.1884
809000 54.127
810000 56.9991
811000 56.057
812000 55.8873
813000 60.4708
814000 56.4917
815000 55.3263
816000 54.43
817000 54.3376
818000 63.4486
819000 56.7039
820000 55.0987
821000 56.8132
822000 59.3631
823000 55.9433
824000 59.0936
825000 56.0702
826000 56.4543
827000 56.5775
828000 56.9981
829000 57.48
830000 60.6172
831000 58.2832
832000 55.7436
833000 57.2274
834000 56.9415
835000 56.5391
836000 55.7109
837000 60.3202
838000 56.3147
839000 58.6811
840000 55.4887
841000 58.6563
842000 58.0214
843000 57.4109
844000 57.974
845000 58.6696
846000 58.9306
847000 59.9975
848000 58.0855
849000 57.1418
850000 58.9867
851000 59.1079
852000 58.6159
853000 58.6932
854000 57.3706
855000 60.3002
856000 62.2007
857000 57.5207
858000 58.2611
859000 58.2185
860000 57.8512
861000 58.738
862000 59.745
863000 57.3104
864000 62.1447
865000 57.582
866000 58.867
867000 61.5233
868000 58.0341
869000 58.8518
870000 58.5827
871000 59.6792
872000 62.9964
873000 58.8298
874000 59.9475
875000 61.4857
876000 58.2986
877000 61.3012
878000 60.007
879000 60.6906
880000 62.8152
881000 59.3199
882000 60.7534
883000 60.003
884000 61.9196
885000 60.0106
886000 66.5209
887000 59.932
888000 60.8855
889000 60.7031
890000 60.2722
891000 60.5933
892000 60.1083
893000 61.9957
894000 60.8066
895000 60.0616
896000 63.1173
897000 62.5813
898000 61.0027
899000 62.435
900000 63.3086
901000 62.5213
902000 60.9214
903000 63.4452
904000 62.8271
905000 60.3871
906000 61.1044
907000 61.5735
908000 60.6484
909000 61.6869
910000 61.8369
911000 61.6116
912000 65.3571
913000 67.6812
914000 61.5862
915000 60.9046
916000 63.5623
917000 67.6357
918000 84.4224
919000 81.3343
920000 58.4067
921000 63.8616
922000 64.9864
923000 61.7083
924000 63.486
925000 64.1083
926000 62.7581
927000 66.0072
928000 67.0047
929000 67.9463
930000 61.7756
931000 67.3045
932000 82.5508
933000 66.5597
934000 64.4467
935000 63.3127
936000 64.9118
937000 64.7386
938000 63.2605
939000 63.4512
940000 65.6196
941000 63.5947
942000 67.0266
943000 66.8719
944000 64.6225
945000 64.7576
946000 66.1145
947000 77.4551
948000 94.0316
949000 98.0669
950000 93.2433
951000 74.8581
952000 121.398
953000 113.045
954000 104.585
955000 117.106
956000 92.9153
957000 90.5065
958000 99.8351
959000 73.3796
960000 85.9328
961000 90.5429
962000 95.0116
963000 77.6393
964000 60.8083
965000 79.0227
966000 128.184
967000 93.1661
968000 94.5785
969000 95.466
970000 76.3248
971000 90.0146
972000 128.644
973000 102.937
974000 88.8761
975000 57.7012
976000 63.971
977000 67.3838
978000 72.5677
979000 80.3026
980000 91.4007
981000 111.641
982000 126.33
983000 100.012
984000 83.2301
985000 65.0798
986000 85.2834
987000 79.2953
988000 70.4886
989000 71.0034
990000 68.3472
991000 66.8627
992000 74.4741
993000 95.757
994000 101.41
995000 86.8116
996000 91.0038
997000 101.466
998000 114.691
999000 110.6
