0.1606 
0.1448 
0.069 
0.0758 
0.0681 
0.0673 
0.0642 
0.0645 
0.0652 
0.0682 
0.0624 
0.0631 
0.0758 
0.0651 
0.0673 
0.0695 
0.0685 
0.0634 
0.067 
0.064 
0.0647 
0.0617 
0.0618 
0.0611 
0.0692 
0.0716 
0.0488 
0.042 
0.0412 
0.041 
0.0411 
0.0411 
0.0427 
0.0423 
0.0416 
0.0425 
0.0412 
0.0456 
0.0413 
0.0409 
0.0413 
0.0413 
0.0415 
0.0412 
0.0418 
0.0412 
0.0414 
0.0412 
0.0412 
0.0417 
0.0417 
0.0419 
0.0417 
0.041 
0.041 
0.1378 
0.0914 
0.0788 
0.0719 
0.0677 
0.0656 
0.0624 
0.0648 
0.0647 
0.0653 
0.0633 
0.0655 
0.0582 
0.0619 
0.0647 
0.061 
0.0625 
0.0632 
0.0613 
0.0633 
0.0651 
0.0735 
0.0646 
0.0644 
0.0643 
0.0645 
0.0626 
0.0629 
0.0631 
0.0634 
0.0624 
0.0594 
0.0614 
0.0629 
0.0628 
0.0631 
0.0649 
0.0616 
0.0637 
0.0631 
0.0637 
0.0614 
0.0616 
0.0599 
0.0649 
