0.0001746 
0.0001115 
7.82e-05 
0.0001151 
7.38e-05 
7.47e-05 
7.02e-05 
7.76e-05 
6.4e-05 
6.31e-05 
8.4e-05 
7.59e-05 
8.23e-05 
6.2e-05 
6.56e-05 
7.09e-05 
6.31e-05 
4.97e-05 
4.43e-05 
4.24e-05 
4.27e-05 
4.58e-05 
4.27e-05 
4.24e-05 
4.49e-05 
5.74e-05 
6.67e-05 
4.35e-05 
4.22e-05 
4.49e-05 
5.93e-05 
6.14e-05 
6.04e-05 
6.16e-05 
4.53e-05 
4.26e-05 
4.24e-05 
4.21e-05 
4.23e-05 
4.24e-05 
4.39e-05 
6.48e-05 
6.52e-05 
6.85e-05 
6.25e-05 
6.06e-05 
5.96e-05 
5.95e-05 
6.26e-05 
6.2e-05 
6.21e-05 
5.8e-05 
5.88e-05 
6.29e-05 
6.13e-05 
5.86e-05 
6.3e-05 
6.14e-05 
0.0001443 
0.0001027 
0.000114 
0.0002186 
0.0001931 
0.0001862 
0.0002055 
0.0002459 
0.0002921 
0.0002487 
0.0001827 
6.41e-05 
6.37e-05 
6.23e-05 
7.74e-05 
6.5e-05 
0.0001049 
4.85e-05 
4.33e-05 
4.66e-05 
7.74e-05 
7.97e-05 
7.52e-05 
5.54e-05 
7.05e-05 
7.13e-05 
7.91e-05 
6.57e-05 
4.6e-05 
6.82e-05 
7.52e-05 
6.99e-05 
6.24e-05 
4.52e-05 
4.28e-05 
4.21e-05 
4.23e-05 
6.44e-05 
4.51e-05 
7.31e-05 
6.95e-05 
6.74e-05 
