0.0001997 
9.56e-05 
8.1e-05 
7.36e-05 
7.02e-05 
6.08e-05 
6.7e-05 
6.45e-05 
6.26e-05 
6.15e-05 
6.56e-05 
6.35e-05 
6.32e-05 
6.53e-05 
6.11e-05 
5.91e-05 
6.08e-05 
6.42e-05 
6.49e-05 
6.48e-05 
0.0001481 
0.0001127 
0.0001003 
7.51e-05 
0.0001117 
0.0001203 
0.0001039 
0.0001105 
0.0001314 
0.0001348 
0.0001288 
0.0001024 
0.0001869 
0.0002116 
0.0002395 
8.52e-05 
0.0001148 
6.01e-05 
6e-05 
6e-05 
6.3e-05 
6.39e-05 
6.17e-05 
7.04e-05 
6.63e-05 
5.89e-05 
5.93e-05 
9.93e-05 
5.16e-05 
4.32e-05 
5.26e-05 
4.92e-05 
4.53e-05 
4.21e-05 
4.17e-05 
4.2e-05 
4.14e-05 
4.36e-05 
5.83e-05 
5.06e-05 
4.22e-05 
4.47e-05 
4.58e-05 
4.25e-05 
4.17e-05 
4.23e-05 
4.25e-05 
7.8e-05 
5.15e-05 
4.2e-05 
4.14e-05 
4.43e-05 
4.15e-05 
4.1e-05 
5.09e-05 
5.27e-05 
4.2e-05 
4.17e-05 
4.28e-05 
5.74e-05 
5.56e-05 
4.35e-05 
4.17e-05 
4.09e-05 
4.39e-05 
4.12e-05 
4.13e-05 
4.07e-05 
4.16e-05 
4.09e-05 
9.14e-05 
9.89e-05 
4.67e-05 
9.47e-05 
9.33e-05 
7.79e-05 
7.17e-05 
6.35e-05 
6.07e-05 
5.73e-05 
