0.0001379 
9.7e-05 
7.29e-05 
6.37e-05 
6.58e-05 
6.38e-05 
5.78e-05 
6.11e-05 
7.63e-05 
8.08e-05 
6.63e-05 
6.36e-05 
6.18e-05 
6.35e-05 
6.24e-05 
6.38e-05 
6.36e-05 
6.22e-05 
6.82e-05 
7.08e-05 
7.76e-05 
7.5e-05 
6.88e-05 
6.4e-05 
6.59e-05 
6.42e-05 
6.07e-05 
6.26e-05 
5.92e-05 
6.51e-05 
6.11e-05 
6.89e-05 
6.41e-05 
6.15e-05 
6.35e-05 
0.0001001 
0.0001306 
0.0001442 
0.0002341 
0.0001837 
0.0001802 
0.0001747 
0.0003171 
0.000288 
0.0001171 
6.5e-05 
7.5e-05 
6.82e-05 
9.68e-05 
6.77e-05 
6.98e-05 
7.69e-05 
6.38e-05 
6.17e-05 
6.07e-05 
6.05e-05 
6.16e-05 
7.54e-05 
6.31e-05 
6.74e-05 
6.85e-05 
6.63e-05 
5.94e-05 
6.03e-05 
6.7e-05 
6.28e-05 
6.11e-05 
6.13e-05 
6.89e-05 
6e-05 
6.03e-05 
6e-05 
5.79e-05 
5.94e-05 
5.81e-05 
7.41e-05 
7.37e-05 
6.87e-05 
5.86e-05 
5.71e-05 
6.32e-05 
5.73e-05 
6.29e-05 
6.03e-05 
6.06e-05 
5.99e-05 
6.1e-05 
6.03e-05 
6.35e-05 
6.07e-05 
5.82e-05 
6.26e-05 
6.49e-05 
5.92e-05 
6.01e-05 
5.94e-05 
6.02e-05 
5.9e-05 
6.33e-05 
6.65e-05 
