0.0001742 
0.0001071 
7.78e-05 
7.28e-05 
6.78e-05 
8.18e-05 
6.72e-05 
0.0001047 
8.71e-05 
6.99e-05 
0.0001449 
0.000216 
0.0002291 
0.0002479 
0.0002922 
0.0002778 
0.0005766 
0.0005297 
8.81e-05 
7.48e-05 
6.89e-05 
6.65e-05 
6.72e-05 
0.0001548 
6.78e-05 
6.62e-05 
6.56e-05 
7.24e-05 
6.77e-05 
6.68e-05 
6.94e-05 
8.35e-05 
6.72e-05 
6.54e-05 
6.69e-05 
6.65e-05 
6.86e-05 
7.05e-05 
6.41e-05 
6.6e-05 
7.4e-05 
6.48e-05 
6.67e-05 
6.76e-05 
6.67e-05 
6.64e-05 
6.61e-05 
6.82e-05 
6.56e-05 
7.09e-05 
6.84e-05 
7.27e-05 
7.15e-05 
7.02e-05 
7.1e-05 
5.29e-05 
4.47e-05 
4.41e-05 
4.41e-05 
5.6e-05 
7.57e-05 
4.53e-05 
4.74e-05 
5.82e-05 
5.69e-05 
4.58e-05 
4.38e-05 
4.37e-05 
4.54e-05 
4.67e-05 
4.62e-05 
4.43e-05 
4.39e-05 
8.43e-05 
7.95e-05 
6.89e-05 
6.77e-05 
7e-05 
7.17e-05 
8.39e-05 
7.85e-05 
7.89e-05 
6.74e-05 
7.91e-05 
7.13e-05 
7.56e-05 
7.58e-05 
5.86e-05 
7.56e-05 
7.69e-05 
5.8e-05 
6.92e-05 
4.76e-05 
4.41e-05 
4.39e-05 
4.35e-05 
4.36e-05 
5.32e-05 
6.2e-05 
6.91e-05 
