0.1422 
0.082 
0.0674 
0.0622 
0.0605 
0.0618 
0.0579 
0.0547 
0.0535 
0.0539 
0.0538 
0.0536 
0.0541 
0.0543 
0.0581 
0.0638 
0.0617 
0.0623 
0.0645 
0.0653 
0.0649 
0.066 
0.0655 
0.0646 
0.0642 
0.0651 
0.0634 
0.0661 
0.0643 
0.0641 
0.0646 
0.0633 
0.0658 
0.0631 
0.0658 
0.0647 
0.0639 
0.0642 
0.0686 
0.0656 
0.0668 
0.0656 
0.0648 
0.0644 
0.0653 
0.0647 
0.0643 
0.0647 
0.065 
0.0644 
0.0651 
0.0644 
0.0638 
0.0615 
0.0649 
0.0661 
0.065 
0.0662 
0.0666 
0.063 
0.0615 
0.0666 
0.0643 
0.0628 
0.0639 
0.0647 
0.0651 
0.0649 
0.0664 
0.0644 
0.0637 
0.064 
0.0702 
0.0656 
0.0656 
0.0658 
0.0664 
0.0657 
0.0654 
0.0653 
0.065 
0.0656 
0.0667 
0.0665 
0.0672 
0.0643 
0.0657 
0.0664 
0.0662 
0.0633 
0.0641 
0.065 
0.0655 
0.0641 
0.066 
0.076 
0.0639 
0.0643 
0.0641 
0.0667 
