1000 0.002
2000 0.009
3000 0.018
4000 0.033
5000 0.044
6000 0.058
7000 0.081
8000 0.11
9000 0.139
10000 0.18
11000 0.191
12000 0.224
13000 0.264
14000 0.311
15000 0.361
16000 0.398
17000 0.457
18000 0.524
19000 0.569
20000 0.651
21000 0.728
22000 0.76
23000 0.837
24000 0.901
25000 0.981
26000 1.057
27000 1.14
28000 1.238
29000 1.355
30000 1.389
31000 1.488
32000 1.634
33000 1.695
34000 1.779
35000 1.912
36000 2.012
37000 2.109
38000 2.227
39000 2.345
40000 2.478
41000 2.66
42000 2.729
43000 2.85
44000 2.997
45000 3.132
46000 3.273
47000 3.522
48000 3.559
49000 3.763
50000 3.891
51000 4.165
52000 4.631
53000 4.712
54000 4.928
55000 5.174
56000 5.158
57000 5.519
58000 5.599
59000 5.829
60000 5.996
61000 6.24
62000 6.347
63000 6.59
64000 6.743
65000 7.152
66000 7.137
67000 7.065
68000 7.196
69000 7.349
70000 7.801
71000 8.216
72000 8.623
73000 8.828
74000 9.296
75000 9.051
76000 9.098
77000 9.694
78000 9.965
79000 10.325
80000 10.577
81000 10.789
82000 11.013
83000 11.501
84000 11.673
85000 11.964
86000 12.145
87000 12.595
88000 13.231
89000 13.471
90000 13.499
91000 13.743
92000 14.673
93000 14.623
94000 14.757
95000 14.263
96000 14.843
97000 15.061
98000 16
99000 16.318
100000 16.455
101000 17.053
102000 17.182
103000 17.864
104000 17.822
105000 18.215
106000 18.45
107000 18.835
108000 19.345
109000 19.871
110000 20.383
111000 20.367
112000 21.322
113000 21.517
114000 22.017
115000 22.445
116000 22.407
117000 22.802
118000 23.347
119000 23.601
120000 24.135
121000 24.474
122000 24.667
123000 25.347
124000 25.336
125000 25.943
126000 26.773
127000 27.023
128000 27.029
129000 28.221
130000 28.547
131000 28.757
132000 29.421
133000 28.522
134000 28.619
135000 29.175
136000 29.847
137000 29.856
138000 31.011
139000 31.963
140000 31.344
141000 32.054
142000 32.192
143000 32.405
144000 32.914
145000 33.896
146000 34.592
147000 34.672
148000 34.42
149000 36.51
150000 37.531
151000 37.154
152000 38.831
153000 39.165
154000 39.769
155000 40.415
156000 43.155
157000 61.738
158000 45.547
159000 42.737
160000 3990.73
161000 47.141
162000 48.951
163000 45.856
164000 46.998
165000 52.06
166000 68.102
167000 57.114
168000 55.24
169000 53.413
170000 52.257
171000 50.894
172000 50.245
173000 52.201
174000 52.426
175000 52.124
176000 53.538
177000 53.032
178000 52.273
179000 1307.34
180000 56.502
181000 57.514
182000 59.039
183000 62.946
184000 64.713
185000 64.457
186000 60.851
187000 68.266
188000 67.956
189000 68.983
190000 62.222
191000 64.597
192000 64.242
193000 63.221
194000 63.603
195000 63.487
196000 63.203
197000 67.052
198000 66.698
199000 71.317
200000 70.219
201000 67.338
202000 66.984
203000 69.926
204000 68.925
205000 67.716
206000 70.554
207000 71.428
208000 71.126
209000 73.165
210000 74.321
211000 76.245
212000 73.795
213000 73.863
214000 42.798
215000 42.102
216000 42.604
217000 53.27
218000 85.719
219000 82.622
220000 83.213