0 0
1000 0.001
2000 0.001
3000 0.002
4000 0.002
5000 0.002
6000 0.003
7000 0.003
8000 0.004
9000 0.005
10000 0.006
11000 0.006
12000 0.006
13000 0.006
14000 0.008
15000 0.008
16000 0.009
17000 0.009
18000 0.01
19000 0.011
20000 0.012
21000 0.011
22000 0.012
23000 0.012
24000 0.014
25000 0.014
26000 0.016
27000 0.016
28000 0.016
29000 0.017
30000 0.017
31000 0.018
32000 0.019
33000 0.019
34000 0.02
35000 0.02
36000 0.022
37000 0.022
38000 0.023
39000 0.023
40000 0.025
41000 0.025
42000 0.026
43000 0.027
44000 0.027
45000 0.027
46000 0.028
47000 0.03
48000 0.029
49000 0.03
50000 0.031
51000 0.032
52000 0.032
53000 0.033
54000 0.034
55000 0.035
56000 0.036
57000 0.036
58000 0.036
59000 0.036
60000 0.038
61000 0.039
62000 0.039
63000 0.041
64000 0.041
65000 0.041
66000 0.04
67000 0.043
68000 0.043
69000 0.044
70000 0.045
71000 0.047
72000 0.046
73000 0.047
74000 0.048
75000 0.049
76000 0.05
77000 0.05
78000 0.051
79000 0.05
80000 0.052
81000 0.053
82000 0.053
83000 0.054
84000 0.054
85000 0.055
86000 0.056
87000 0.058
88000 0.058
89000 0.059
90000 0.06
91000 0.06
92000 0.061
93000 0.063
94000 0.062
95000 0.064
96000 0.064
97000 0.064
98000 0.066
99000 0.066
100000 0.068
101000 0.067
102000 0.068
103000 0.07
104000 0.069
105000 0.071
106000 0.071
107000 0.072
108000 0.073
109000 0.074
110000 0.074
111000 0.075
112000 0.076
113000 0.077
114000 0.077
115000 0.078
116000 0.079
117000 0.079
118000 0.079
119000 0.081
120000 0.082
121000 0.082
122000 0.082
123000 0.084
124000 0.085
125000 0.086
126000 0.087
127000 0.088
128000 0.088
129000 0.089
130000 0.09
131000 0.091
132000 0.091
133000 0.092
134000 0.092
135000 0.093
136000 0.094
137000 0.098
138000 0.095
139000 0.096
140000 0.098
141000 0.1
142000 0.098
143000 0.099
144000 0.1
145000 0.102
146000 0.101
147000 0.103
148000 0.104
149000 0.103
150000 0.104
151000 0.105
152000 0.106
153000 0.107
154000 0.111
155000 0.107
156000 0.11
157000 0.112
158000 0.111
159000 0.112
160000 0.112
161000 0.113
162000 0.113
163000 0.115
164000 0.114
165000 0.117
166000 0.117
167000 0.118
168000 0.117
169000 0.118
170000 0.12
171000 0.122
172000 0.121
173000 0.124
174000 0.123
175000 0.124
176000 0.127
177000 0.125
178000 0.127
179000 0.128
180000 0.131
181000 0.13
182000 0.129
183000 0.13
184000 0.131
185000 0.133
186000 0.132
187000 0.133
188000 0.138
189000 0.141
190000 0.139
191000 0.136
192000 0.14
193000 0.138
194000 0.138
195000 0.14
196000 0.142
197000 0.142
198000 0.145
199000 0.143
200000 0.144
201000 0.149
202000 0.144
203000 0.145
204000 0.147
205000 0.147
206000 0.148
207000 0.149
208000 0.149
209000 0.151
210000 0.152
211000 0.152
212000 0.152
213000 0.154
214000 0.155
215000 0.155
216000 0.154
217000 0.157
218000 0.158
219000 0.16
220000 0.162
221000 0.16
222000 0.162
223000 0.163
224000 0.163
225000 0.165
226000 0.164
227000 0.166
228000 0.164
229000 0.166
230000 0.167
231000 0.17
232000 0.171
233000 0.17
234000 0.171
235000 0.171
236000 0.175
237000 0.175
238000 0.176
239000 0.175
240000 0.176
241000 0.179
242000 0.179
243000 0.178
244000 0.179
245000 0.18
246000 0.18
247000 0.182
248000 0.183
249000 0.186
250000 0.184
251000 0.184
252000 0.187
253000 0.187
254000 0.188
255000 0.189
256000 0.189
257000 0.189
258000 0.192
259000 0.192
260000 0.192
261000 0.194
262000 0.194
263000 0.194
264000 0.196
265000 0.197
266000 0.205
267000 0.198
268000 0.198
269000 0.201
270000 0.2
271000 0.203
272000 0.203
273000 0.204
274000 0.203
275000 0.204
276000 0.211
277000 0.205
278000 0.206
279000 0.209
280000 0.209
281000 0.21
282000 0.211
283000 0.21
284000 0.213
285000 0.214
286000 0.214
287000 0.215
288000 0.215
289000 0.216
290000 0.218
291000 0.218
292000 0.225
293000 0.219
294000 0.221
295000 0.221
296000 0.224
297000 0.223
298000 0.222
299000 0.224
300000 0.226
301000 0.226
302000 0.227
303000 0.228
304000 0.229
305000 0.233
306000 0.229
307000 0.23
308000 0.231
309000 0.233
310000 0.235
311000 0.234
312000 0.234
313000 0.234
314000 0.238
315000 0.238
316000 0.239
317000 0.241
318000 0.241
319000 0.242
320000 0.242
321000 0.244
322000 0.245
323000 0.245
324000 0.247
325000 0.245
326000 0.248
327000 0.248
328000 0.248
329000 0.253
330000 0.251
331000 0.25
332000 0.252
333000 0.256
334000 0.253
335000 0.255
336000 0.253
337000 0.258
338000 0.259
339000 0.258
340000 0.26
341000 0.259
342000 0.261
343000 0.261
344000 0.263
345000 0.265
346000 0.271
347000 0.27
348000 0.27
349000 0.266
350000 0.265
351000 0.269
352000 0.271
353000 0.268
354000 0.271
355000 0.272
356000 0.273
357000 0.272
358000 0.275
359000 0.277
360000 0.276
361000 0.276
362000 0.277
363000 0.278
364000 0.279
365000 0.282
366000 0.282
367000 0.283
368000 0.283
369000 0.283
370000 0.285
371000 0.286
372000 0.287
373000 0.287
374000 0.29
375000 0.29
376000 0.29
377000 0.29
378000 0.294
379000 0.291
380000 0.292
381000 0.294
382000 0.295
383000 0.297
384000 0.295
385000 0.299
386000 0.297
387000 0.301
388000 0.3
389000 0.3
390000 0.303
391000 0.303
392000 0.304
393000 0.305
394000 0.307
395000 0.305
396000 0.308
397000 0.31
398000 0.313
399000 0.308
400000 0.311
401000 0.312
402000 0.312
403000 0.312
404000 0.313
405000 0.314
406000 0.319
407000 0.317
408000 0.317
409000 0.32
410000 0.319
411000 0.319
412000 0.321
413000 0.322
414000 0.323
415000 0.323
416000 0.325
417000 0.326
418000 0.326
419000 0.33
420000 0.327
421000 0.327
422000 0.332
423000 0.33
424000 0.333
425000 0.332
426000 0.334
427000 0.334
428000 0.334
429000 0.334
430000 0.335
431000 0.335
432000 0.339
433000 0.341
434000 0.341
435000 0.351
436000 0.341
437000 0.347
438000 0.342
439000 0.344
440000 0.345
441000 0.346
442000 0.352
443000 0.345
444000 0.348
445000 0.347
446000 0.349
447000 0.35
448000 0.353
449000 0.353
450000 0.355
451000 0.355
452000 0.356
453000 0.355
454000 0.358
455000 0.356
456000 0.359
457000 0.36
458000 0.359
459000 0.36
460000 0.363
461000 0.361
462000 0.365
463000 0.365
464000 0.365
465000 0.366
466000 0.368
467000 0.368
468000 0.369
469000 0.371
470000 0.369
471000 0.371
472000 0.372
473000 0.374
474000 0.374
475000 0.374
476000 0.379
477000 0.376
478000 0.376
479000 0.377
480000 0.381
481000 0.381
482000 0.382
483000 0.385
484000 0.38
485000 0.384
486000 0.385
487000 0.384
488000 0.386
489000 0.388
490000 0.394
491000 0.389
492000 0.39
493000 0.392
494000 0.39
495000 0.391
496000 0.393
497000 0.394
498000 0.395
499000 0.397
500000 0.399
501000 0.395
502000 0.4
503000 0.397
504000 0.397
505000 0.403
506000 0.401
507000 0.403
508000 0.403
509000 0.421
510000 0.412
511000 0.412
512000 0.41
513000 0.408
514000 0.413
515000 0.408
516000 0.41
517000 0.413
518000 0.414
519000 0.416
520000 0.413
521000 0.419
522000 0.415
523000 0.419
524000 0.418
525000 0.418
526000 0.416
527000 0.422
528000 0.42
529000 0.421
530000 0.423
531000 0.424
532000 0.428
533000 0.425
534000 0.427
535000 0.428
536000 0.429
537000 0.43
538000 0.43
539000 0.43
540000 0.428
541000 0.434
542000 0.434
543000 0.434
544000 0.435
545000 0.437
546000 0.436
547000 0.437
548000 0.436
549000 0.44
550000 0.441
551000 0.441
552000 0.444
553000 0.443
554000 0.443
555000 0.445
556000 0.446
557000 0.455
558000 0.463
559000 0.447
560000 0.453
561000 0.449
562000 0.452
563000 0.452
564000 0.452
565000 0.452
566000 0.456
567000 0.456
568000 0.458
569000 0.457
570000 0.46
571000 0.456
572000 0.459
573000 0.462
574000 0.463
575000 0.466
576000 0.467
577000 0.466
578000 0.462
579000 0.465
580000 0.467
581000 0.466
582000 0.467
583000 0.468
584000 0.471
585000 0.473
586000 0.471
587000 0.477
588000 0.474
589000 0.476
590000 0.477
591000 0.478
592000 0.494
593000 0.484
594000 0.484
595000 0.482
596000 0.481
597000 0.478
598000 0.482
599000 0.483
600000 0.481
601000 0.484
602000 0.489
603000 0.49
604000 0.495
605000 0.49
606000 0.49
607000 0.49
608000 0.497
609000 0.491
610000 0.497
611000 0.496
612000 0.498
613000 0.496
614000 0.496
615000 0.498
616000 0.501
617000 0.504
618000 0.506
619000 0.503
620000 0.503
621000 0.502
622000 0.52
623000 0.505
624000 0.506
625000 0.51
626000 0.507
627000 0.51
628000 0.51
629000 0.509
630000 0.51
631000 0.509
632000 0.514
633000 0.517
634000 0.514
635000 0.519
636000 0.521
637000 0.516
638000 0.519
639000 0.519
640000 0.539
641000 0.522
642000 0.525
643000 0.526
644000 0.523
645000 0.526
646000 0.524
647000 0.528
648000 0.53
649000 0.528
650000 0.526
651000 0.532
652000 0.533
653000 0.531
654000 0.535
655000 0.533
656000 0.536
657000 0.54
658000 0.536
659000 0.536
660000 0.537
661000 0.539
662000 0.54
663000 0.541
664000 0.541
665000 0.541
666000 0.545
667000 0.543
668000 0.546
669000 0.547
670000 0.548
671000 0.55
672000 0.557
673000 0.553
674000 0.554
675000 0.551
676000 0.554
677000 0.556
678000 0.557
679000 0.558
680000 0.557
681000 0.556
682000 0.558
683000 0.558
684000 0.562
685000 0.566
686000 0.563
687000 0.563
688000 0.567
689000 0.566
690000 0.569
691000 0.568
692000 0.566
693000 0.566
694000 0.568
695000 0.57
696000 0.589
697000 0.571
698000 0.572
699000 0.575
700000 0.577
701000 0.576
702000 0.575
703000 0.576
704000 0.577
705000 0.578
706000 0.581
707000 0.582
708000 0.582
709000 0.582
710000 0.581
711000 0.586
712000 0.605
713000 0.607
714000 0.596
715000 0.591
716000 0.595
717000 0.591
718000 0.596
719000 0.593
720000 0.596
721000 0.597
722000 0.595
723000 0.596
724000 0.601
725000 0.601
726000 0.604
727000 0.599
728000 0.604
729000 0.603
730000 0.602
731000 0.6
732000 0.605
733000 0.605
734000 0.605
735000 0.605
736000 0.606
737000 0.611
738000 0.609
739000 0.609
740000 0.611
741000 0.608
742000 0.616
743000 0.616
744000 0.617
745000 0.618
746000 0.617
747000 0.618
748000 0.621
749000 0.617
750000 0.62
751000 0.623
752000 0.627
753000 0.628
754000 0.625
755000 0.625
756000 0.627
757000 0.627
758000 0.631
759000 0.628
760000 0.631
761000 0.632
762000 0.631
763000 0.63
764000 0.637
765000 0.634
766000 0.634
767000 0.636
768000 0.641
769000 0.643
770000 0.639
771000 0.637
772000 0.643
773000 0.641
774000 0.643
775000 0.658
776000 0.645
777000 0.644
778000 0.646
779000 0.657
780000 0.651
781000 0.65
782000 0.651
783000 0.652
784000 0.651
785000 0.653
786000 0.654
787000 0.659
788000 0.657
789000 0.656
790000 0.659
791000 0.661
792000 0.662
793000 0.666
794000 0.66
795000 0.662
796000 0.667
797000 0.665
798000 0.666
799000 0.667
800000 0.668
801000 0.677
802000 0.672
803000 0.672
804000 0.671
805000 0.673
806000 0.673
807000 0.675
808000 0.676
809000 0.677
810000 0.675
811000 0.678
812000 0.679
813000 0.68
814000 0.683
815000 0.679
816000 0.686
817000 0.683
818000 0.684
819000 0.685
820000 0.685
821000 0.689
822000 0.692
823000 0.695
824000 0.69
825000 0.694
826000 0.691
827000 0.693
828000 0.691
829000 0.696
830000 0.694
831000 0.694
832000 0.698
833000 0.7
834000 0.703
835000 0.705
836000 0.698
837000 0.704
838000 0.702
839000 0.702
840000 0.701
841000 0.707
842000 0.703
843000 0.706
844000 0.706
845000 0.709
846000 0.709
847000 0.709
848000 0.712
849000 0.714
850000 0.714
851000 0.716
852000 0.715
853000 0.713
854000 0.721
855000 0.723
856000 0.721
857000 0.733
858000 0.725
859000 0.722
860000 0.727
861000 0.724
862000 0.732
863000 0.728
864000 0.727
865000 0.728
866000 0.732
867000 0.731
868000 0.729
869000 0.734
870000 0.73
871000 0.736
872000 0.74
873000 0.734
874000 0.738
875000 0.738
876000 0.738
877000 0.739
878000 0.741
879000 0.741
880000 0.748
881000 0.744
882000 0.746
883000 0.745
884000 0.75
885000 0.756
886000 0.749
887000 0.75
888000 0.749
889000 0.752
890000 0.753
891000 0.747
892000 0.751
893000 0.757
894000 0.754
895000 0.753
896000 0.757
897000 0.759
898000 0.758
899000 0.761
900000 0.76
901000 0.761
902000 0.766
903000 0.763
904000 0.764
905000 0.761
906000 0.768
907000 0.765
908000 0.772
909000 0.774
910000 0.77
911000 0.771
912000 0.774
913000 0.769
914000 0.772
915000 0.774
916000 0.774
917000 0.776
918000 0.776
919000 0.78
920000 0.779
921000 0.781
922000 0.784
923000 0.792
924000 0.782
925000 0.78
926000 0.787
927000 0.787
928000 0.788
929000 0.787
930000 0.795
931000 0.79
932000 0.79
933000 0.793
934000 0.791
935000 0.789
936000 0.792
937000 0.793
938000 0.796
939000 0.801
940000 0.798
941000 0.799
942000 0.801
943000 0.797
944000 0.8
945000 0.804
946000 0.801
947000 0.803
948000 0.806
949000 0.825
950000 0.809
951000 0.809
952000 0.816
953000 0.81
954000 0.814
955000 0.815
956000 0.813
957000 0.814
958000 0.826
959000 0.825
960000 0.816
961000 0.817
962000 0.819
963000 0.817
964000 0.821
965000 0.825
966000 0.822
967000 0.821
968000 0.821
969000 0.824
970000 0.829
971000 0.827
972000 0.828
973000 0.833
974000 0.832
975000 0.828
976000 0.83
977000 0.836
978000 0.838
979000 0.838
980000 0.839
981000 0.839
982000 0.84
983000 0.842
984000 0.839
985000 0.839
986000 0.842
987000 0.847
988000 0.84
989000 0.842
990000 0.848
991000 0.849
992000 0.848
993000 0.846
994000 0.854
995000 0.848
996000 0.853
997000 0.852
998000 0.85
999000 0.855
1000000 0.857