size;insert;comb;count
1000;2;0;0
2000;8;0;0
3000;18;0;0
4000;32;0;0
5000;51;0;0
6000;75;1;0
7000;99;1;0
8000;132;1;0
9000;167;1;0
10000;206;2;0
11000;253;2;0
12000;296;2;0
13000;349;2;0
14000;403;2;0
15000;474;3;0
16000;542;3;0
17000;596;3;0
18000;674;3;0
19000;750;4;0
20000;843;4;0
21000;902;4;0
22000;998;4;0
23000;1090;5;0
24000;1190;5;0
25000;1300;5;0
26000;1399;5;0
27000;1508;6;0
28000;1624;6;0
29000;1748;6;0
30000;1870;6;0
31000;1983;7;0
32000;2129;7;0
33000;2268;7;1
34000;2454;7;1
35000;2570;8;0
36000;2681;8;1
37000;2840;8;1
38000;2996;8;1
39000;3148;9;1
40000;3302;10;1
41000;3499;9;0
42000;3639;9;1
43000;3832;10;1
44000;4024;13;1
45000;4162;10;1
46000;4366;10;1
47000;4594;11;1
48000;4769;11;1
49000;4996;11;1
50000;5141;12;1
51000;5399;12;1
52000;5624;12;1
53000;5827;12;1
54000;5997;13;1
55000;6226;13;1
56000;6496;13;1
57000;6706;15;1
58000;6984;14;1
59000;7238;14;1
60000;7462;14;1
61000;7733;15;1
62000;7960;15;1
63000;8200;15;1
64000;8495;15;1
65000;8761;16;1
66000;9020;16;1
67000;9285;16;1
68000;9623;17;1
69000;9819;17;1
70000;10178;17;1
71000;10437;17;1
72000;10719;18;1
73000;11023;18;1
74000;11342;18;1
75000;11673;18;1
76000;11957;19;1
77000;12255;19;1
78000;12629;20;1
79000;12929;19;1
80000;13230;20;1
81000;13638;20;1
82000;13962;20;1
83000;14236;20;1
84000;14629;21;1
85000;14974;22;1
86000;15306;22;1
87000;15660;22;1
88000;16072;22;1
89000;16348;22;1
90000;16803;23;1
91000;17216;23;1
92000;17575;23;1
93000;17956;23;1
94000;18700;24;1
95000;18954;24;1
96000;19240;24;1
97000;19551;25;1
98000;19937;25;1
99000;20272;25;1
100000;20748;26;1
101000;0;26;1
102000;0;26;1
103000;0;26;2
104000;0;27;2
105000;0;27;2
106000;0;28;2
107000;0;28;2
108000;0;28;2
109000;0;28;2
110000;0;28;2
111000;0;28;2
112000;0;29;2
113000;0;29;2
114000;0;29;2
115000;0;30;2
116000;0;30;2
117000;0;30;2
118000;0;30;2
119000;0;31;2
120000;0;31;2
121000;0;31;2
122000;0;31;2
123000;0;32;2
124000;0;32;2
125000;0;33;2
126000;0;32;2
127000;0;33;2
128000;0;33;2
129000;0;34;2
130000;0;34;2
131000;0;34;2
132000;0;34;2
133000;0;35;2
134000;0;35;2
135000;0;36;2
136000;0;36;2
137000;0;36;2
138000;0;36;2
139000;0;37;2
140000;0;37;3
141000;0;37;2
142000;0;37;2
143000;0;38;2
144000;0;38;2
145000;0;38;2
146000;0;38;2
147000;0;39;2
148000;0;39;2
149000;0;41;2
150000;0;40;2
151000;0;40;2
152000;0;41;2
153000;0;41;2
154000;0;41;2
155000;0;43;3
156000;0;43;2
157000;0;41;2
158000;0;42;2
159000;0;42;2
160000;0;42;2
161000;0;43;2
162000;0;43;2
163000;0;44;2
164000;0;44;2
165000;0;45;2
166000;0;45;2
167000;0;45;2
168000;0;45;2
169000;0;46;2
170000;0;46;2
171000;0;46;2
172000;0;47;2
173000;0;46;2
174000;0;46;2
175000;0;48;2
176000;0;47;2
177000;0;47;2
178000;0;47;2
179000;0;48;2
180000;0;49;2
181000;0;49;2
182000;0;49;2
183000;0;49;2
184000;0;50;2
185000;0;51;2
186000;0;50;2
187000;0;51;2
188000;0;51;2
189000;0;51;2
190000;0;51;2
191000;0;51;2
192000;0;52;2
193000;0;52;2
194000;0;52;2
195000;0;52;2
196000;0;52;2
197000;0;53;2
198000;0;53;3
199000;0;54;2
200000;0;54;2
201000;0;55;2
202000;0;55;2
203000;0;55;2
204000;0;56;2
205000;0;56;3
206000;0;57;3
207000;0;57;2
208000;0;57;2
209000;0;57;3
210000;0;58;2
211000;0;58;2
212000;0;59;2
213000;0;58;3
214000;0;59;3
215000;0;59;2
216000;0;59;3
217000;0;59;2
218000;0;60;3
219000;0;60;2
220000;0;60;3
221000;0;66;3
222000;0;61;3
223000;0;61;3
224000;0;61;3
225000;0;61;3
226000;0;62;3
227000;0;62;3
228000;0;62;3
229000;0;63;3
230000;0;63;3
231000;0;63;3
232000;0;63;3
233000;0;64;3
234000;0;64;3
235000;0;65;3
236000;0;65;3
237000;0;65;3
238000;0;65;3
239000;0;65;3
240000;0;66;3
241000;0;66;3
242000;0;66;3
243000;0;66;3
244000;0;67;3
245000;0;68;3
246000;0;68;3
247000;0;68;3
248000;0;68;3
249000;0;68;3
250000;0;69;3
251000;0;69;3
252000;0;70;3
253000;0;70;3
254000;0;71;3
255000;0;72;3
256000;0;72;3
257000;0;72;3
258000;0;73;3
259000;0;72;3
260000;0;73;3
261000;0;73;3
262000;0;72;3
263000;0;74;3
264000;0;74;3
265000;0;74;3
266000;0;73;3
267000;0;74;3
268000;0;74;3
269000;0;75;3
270000;0;75;3
271000;0;75;3
272000;0;75;3
273000;0;76;3
274000;0;76;3
275000;0;76;3
276000;0;77;3
277000;0;77;3
278000;0;77;3
279000;0;77;3
280000;0;77;3
281000;0;78;3
282000;0;78;3
283000;0;78;3
284000;0;79;3
285000;0;79;3
286000;0;79;3
287000;0;80;3
288000;0;81;3
289000;0;81;3
290000;0;81;3
291000;0;81;3
292000;0;81;3
293000;0;82;3
294000;0;82;3
295000;0;82;3
296000;0;82;3
297000;0;86;3
298000;0;83;3
299000;0;83;3
300000;0;84;3
301000;0;84;3
302000;0;84;3
303000;0;84;3
304000;0;84;3
305000;0;85;3
306000;0;86;3
307000;0;85;3
308000;0;86;3
309000;0;86;3
310000;0;86;3
311000;0;87;3
312000;0;87;3
313000;0;88;3
314000;0;88;3
315000;0;89;3
316000;0;89;3
317000;0;89;3
318000;0;89;3
319000;0;90;3
320000;0;90;3
321000;0;92;3
322000;0;92;3
323000;0;91;3
324000;0;91;3
325000;0;92;3
326000;0;93;3
327000;0;93;3
328000;0;94;3
329000;0;94;3
330000;0;94;3
331000;0;93;3
332000;0;93;3
333000;0;94;4
334000;0;96;4
335000;0;94;4
336000;0;95;3
337000;0;95;3
338000;0;95;3
339000;0;98;4
340000;0;96;3
341000;0;96;3
342000;0;96;4
343000;0;96;3
344000;0;97;4
345000;0;98;4
346000;0;98;4
347000;0;98;4
348000;0;98;4
349000;0;98;4
350000;0;98;4
351000;0;99;3
352000;0;99;4
353000;0;99;4
354000;0;99;4
355000;0;100;4
356000;0;101;4
357000;0;101;4
358000;0;101;3
359000;0;101;4
360000;0;101;4
361000;0;102;4
362000;0;103;4
363000;0;104;4
364000;0;103;4
365000;0;103;4
366000;0;108;4
367000;0;103;4
368000;0;104;4
369000;0;104;4
370000;0;107;6
371000;0;105;4
372000;0;105;4
373000;0;105;4
374000;0;106;4
375000;0;106;4
376000;0;106;4
377000;0;106;4
378000;0;107;4
379000;0;107;4
380000;0;107;4
381000;0;133;4
382000;0;108;4
383000;0;108;4
384000;0;109;4
385000;0;109;4
386000;0;109;4
387000;0;109;4
388000;0;110;4
389000;0;111;4
390000;0;112;4
391000;0;112;4
392000;0;112;4
393000;0;112;4
394000;0;114;4
395000;0;114;4
396000;0;113;4
397000;0;113;4
398000;0;113;4
399000;0;114;4
400000;0;115;4
401000;0;115;4
402000;0;115;4
403000;0;116;4
404000;0;117;4
405000;0;115;4
406000;0;119;4
407000;0;116;4
408000;0;117;4
409000;0;118;4
410000;0;117;4
411000;0;117;4
412000;0;119;4
413000;0;118;4
414000;0;118;4
415000;0;119;4
416000;0;119;4
417000;0;119;4
418000;0;119;4
419000;0;120;4
420000;0;120;4
421000;0;119;4
422000;0;121;4
423000;0;121;4
424000;0;121;4
425000;0;124;4
426000;0;122;4
427000;0;122;4
428000;0;122;4
429000;0;122;4
430000;0;123;4
431000;0;124;4
432000;0;123;4
433000;0;128;4
434000;0;124;4
435000;0;124;4
436000;0;124;4
437000;0;125;4
438000;0;125;4
439000;0;125;4
440000;0;125;4
441000;0;126;4
442000;0;126;4
443000;0;128;4
444000;0;127;4
445000;0;127;4
446000;0;128;4
447000;0;128;4
448000;0;128;4
449000;0;129;5
450000;0;129;4
451000;0;130;4
452000;0;129;4
453000;0;130;4
454000;0;130;5
455000;0;130;4
456000;0;130;4
457000;0;131;5
458000;0;134;7
459000;0;131;5
460000;0;131;5
461000;0;132;5
462000;0;132;5
463000;0;133;5
464000;0;133;5
465000;0;133;4
466000;0;136;5
467000;0;134;5
468000;0;134;4
469000;0;135;5
470000;0;135;5
471000;0;142;7
472000;0;135;5
473000;0;136;4
474000;0;136;5
475000;0;136;4
476000;0;137;5
477000;0;137;5
478000;0;137;5
479000;0;137;5
480000;0;138;5
481000;0;138;5
482000;0;139;5
483000;0;138;5
484000;0;139;5
485000;0;140;5
486000;0;140;5
487000;0;142;4
488000;0;141;5
489000;0;142;5
490000;0;142;5
491000;0;142;5
492000;0;144;5
493000;0;143;5
494000;0;144;5
495000;0;144;4
496000;0;144;5
497000;0;145;5
498000;0;145;5
499000;0;145;5
500000;0;146;5
501000;0;154;5
502000;0;147;5
503000;0;147;5
504000;0;148;5
505000;0;148;5
506000;0;149;5
507000;0;149;5
508000;0;147;5
509000;0;148;5
510000;0;149;5
511000;0;150;5
512000;0;150;5
513000;0;149;5
514000;0;151;5
515000;0;150;5
516000;0;150;5
517000;0;150;5
518000;0;151;5
519000;0;151;5
520000;0;151;5
521000;0;152;5
522000;0;152;5
523000;0;153;5
524000;0;151;5
525000;0;156;5
526000;0;152;5
527000;0;153;5
528000;0;153;5
529000;0;153;5
530000;0;154;5
531000;0;154;5
532000;0;155;5
533000;0;155;5
534000;0;155;5
535000;0;156;5
536000;0;160;5
537000;0;156;5
538000;0;156;5
539000;0;156;5
540000;0;157;5
541000;0;157;5
542000;0;157;5
543000;0;157;5
544000;0;159;5
545000;0;158;5
546000;0;158;5
547000;0;158;5
548000;0;159;5
549000;0;159;5
550000;0;159;5
551000;0;160;5
552000;0;160;5
553000;0;161;5
554000;0;161;5
555000;0;163;5
556000;0;163;5
557000;0;162;5
558000;0;162;5
559000;0;163;5
560000;0;163;5
561000;0;164;5
562000;0;164;5
563000;0;165;5
564000;0;165;5
565000;0;165;6
566000;0;166;6
567000;0;165;5
568000;0;169;5
569000;0;166;5
570000;0;168;5
571000;0;167;5
572000;0;166;5
573000;0;166;5
574000;0;167;5
575000;0;182;5
576000;0;167;5
577000;0;169;5
578000;0;168;5
579000;0;168;5
580000;0;169;5
581000;0;168;5
582000;0;174;9
583000;0;169;5
584000;0;169;5
585000;0;170;5
586000;0;170;5
587000;0;170;5
588000;0;170;5
589000;0;171;6
590000;0;172;5
591000;0;171;5
592000;0;172;5
593000;0;172;6
594000;0;172;5
595000;0;173;6
596000;0;174;5
597000;0;173;6
598000;0;174;5
599000;0;174;5
600000;0;174;5
601000;0;174;6
602000;0;175;6
603000;0;175;5
604000;0;175;5
605000;0;176;6
606000;0;179;6
607000;0;178;5
608000;0;178;6
609000;0;179;6
610000;0;178;6
611000;0;179;6
612000;0;181;6
613000;0;181;6
614000;0;180;6
615000;0;183;6
616000;0;182;6
617000;0;183;6
618000;0;183;6
619000;0;182;6
620000;0;182;6
621000;0;185;6
622000;0;183;5
623000;0;183;6
624000;0;184;6
625000;0;185;6
626000;0;185;6
627000;0;187;6
628000;0;189;6
629000;0;184;6
630000;0;187;6
631000;0;189;6
632000;0;187;6
633000;0;185;6
634000;0;188;6
635000;0;186;6
636000;0;190;6
637000;0;187;6
638000;0;187;6
639000;0;190;6
640000;0;189;6
641000;0;190;6
642000;0;189;6
643000;0;189;6
644000;0;189;6
645000;0;189;6
646000;0;201;6
647000;0;190;6
648000;0;190;6
649000;0;190;6
650000;0;191;6
651000;0;202;6
652000;0;192;6
653000;0;192;6
654000;0;192;6
655000;0;192;6
656000;0;205;6
657000;0;193;6
658000;0;193;6
659000;0;193;6
660000;0;194;6
661000;0;194;6
662000;0;194;6
663000;0;194;6
664000;0;195;6
665000;0;195;6
666000;0;195;5
667000;0;195;6
668000;0;196;6
669000;0;197;6
670000;0;204;6
671000;0;197;6
672000;0;210;6
673000;0;198;6
674000;0;198;6
675000;0;198;6
676000;0;199;6
677000;0;198;6
678000;0;198;6
679000;0;199;6
680000;0;204;6
681000;0;206;6
682000;0;200;6
683000;0;201;7
684000;0;200;6
685000;0;201;6
686000;0;201;6
687000;0;202;6
688000;0;203;6
689000;0;202;6
690000;0;203;6
691000;0;204;6
692000;0;204;6
693000;0;204;6
694000;0;203;6
695000;0;203;6
696000;0;204;7
697000;0;205;6
698000;0;205;6
699000;0;206;6
700000;0;206;6
701000;0;217;6
702000;0;207;6
703000;0;208;6
704000;0;209;7
705000;0;208;6
706000;0;208;6
707000;0;208;6
708000;0;209;6
709000;0;209;7
710000;0;209;7
711000;0;209;6
712000;0;216;6
713000;0;210;6
714000;0;210;6
715000;0;211;7
716000;0;211;6
717000;0;212;7
718000;0;212;6
719000;0;212;7
720000;0;212;7
721000;0;213;7
722000;0;213;7
723000;0;213;7
724000;0;214;7
725000;0;214;6
726000;0;214;7
727000;0;234;7
728000;0;214;7
729000;0;215;7
730000;0;215;7
731000;0;215;7
732000;0;222;7
733000;0;220;6
734000;0;216;7
735000;0;217;7
736000;0;217;7
737000;0;224;8
738000;0;219;7
739000;0;217;6
740000;0;218;7
741000;0;218;7
742000;0;230;7
743000;0;219;7
744000;0;219;7
745000;0;222;7
746000;0;222;7
747000;0;220;7
748000;0;221;7
749000;0;221;7
750000;0;222;7
751000;0;222;7
752000;0;222;7
753000;0;223;7
754000;0;223;7
755000;0;227;7
756000;0;229;7
757000;0;225;7
758000;0;236;11
759000;0;228;7
760000;0;226;7
761000;0;228;7
762000;0;227;7
763000;0;229;7
764000;0;227;7
765000;0;228;7
766000;0;230;7
767000;0;228;7
768000;0;228;7
769000;0;229;7
770000;0;230;7
771000;0;240;7
772000;0;231;7
773000;0;231;7
774000;0;238;7
775000;0;233;7
776000;0;231;7
777000;0;232;7
778000;0;232;7
779000;0;232;7
780000;0;232;7
781000;0;232;7
782000;0;234;7
783000;0;234;7
784000;0;235;7
785000;0;252;7
786000;0;235;7
787000;0;236;7
788000;0;234;6
789000;0;246;7
790000;0;237;8
791000;0;237;7
792000;0;235;7
793000;0;238;7
794000;0;238;7
795000;0;238;7
796000;0;248;12
797000;0;240;8
798000;0;239;7
799000;0;240;7
800000;0;241;7
801000;0;238;8
802000;0;239;7
803000;0;252;7
804000;0;238;7
805000;0;239;7
806000;0;240;7
807000;0;250;7
808000;0;240;7
809000;0;240;7
810000;0;241;8
811000;0;241;7
812000;0;242;8
813000;0;242;8
814000;0;250;7
815000;0;242;7
816000;0;312;10
817000;0;244;8
818000;0;244;7
819000;0;243;7
820000;0;244;7
821000;0;245;8
822000;0;245;8
823000;0;244;7
824000;0;247;7
825000;0;244;8
826000;0;245;7
827000;0;247;7
828000;0;249;8
829000;0;246;8
830000;0;247;7
831000;0;248;8
832000;0;247;7
833000;0;248;8
834000;0;262;8
835000;0;248;7
836000;0;248;8
837000;0;248;7
838000;0;249;8
839000;0;249;8
840000;0;259;8
841000;0;250;8
842000;0;250;8
843000;0;250;7
844000;0;255;8
845000;0;251;8
846000;0;251;8
847000;0;251;8
848000;0;276;10
849000;0;252;8
850000;0;252;8
851000;0;253;8
852000;0;253;8
853000;0;254;8
854000;0;253;8
855000;0;253;8
856000;0;254;8
857000;0;260;7
858000;0;255;8
859000;0;256;8
860000;0;255;8
861000;0;256;8
862000;0;257;8
863000;0;256;8
864000;0;257;8
865000;0;257;8
866000;0;258;8
867000;0;258;8
868000;0;259;8
869000;0;259;8
870000;0;261;8
871000;0;262;8
872000;0;259;8
873000;0;260;8
874000;0;261;8
875000;0;261;8
876000;0;262;8
877000;0;263;8
878000;0;262;8
879000;0;262;8
880000;0;262;8
881000;0;262;8
882000;0;266;8
883000;0;263;8
884000;0;263;8
885000;0;264;8
886000;0;264;8
887000;0;268;8
888000;0;264;8
889000;0;264;8
890000;0;266;8
891000;0;267;8
892000;0;265;8
893000;0;268;8
894000;0;266;8
895000;0;266;8
896000;0;266;8
897000;0;267;8
898000;0;268;8
899000;0;268;8
900000;0;268;8
901000;0;268;8
902000;0;272;8
903000;0;270;8
904000;0;269;9
905000;0;270;8
906000;0;270;8
907000;0;282;8
908000;0;271;9
909000;0;271;9
910000;0;271;8
911000;0;271;8
912000;0;272;8
913000;0;272;8
914000;0;271;8
915000;0;275;9
916000;0;272;8
917000;0;272;9
918000;0;273;8
919000;0;273;8
920000;0;274;8
921000;0;274;8
922000;0;274;8
923000;0;280;8
924000;0;275;9
925000;0;275;8
926000;0;276;8
927000;0;276;8
928000;0;285;8
929000;0;280;9
930000;0;277;9
931000;0;277;8
932000;0;277;8
933000;0;277;8
934000;0;282;8
935000;0;277;9
936000;0;279;8
937000;0;279;8
938000;0;279;8
939000;0;280;9
940000;0;280;8
941000;0;281;8
942000;0;283;8
943000;0;283;9
944000;0;283;8
945000;0;284;8
946000;0;290;8
947000;0;284;9
948000;0;284;8
949000;0;285;9
950000;0;285;8
951000;0;288;9
952000;0;286;8
953000;0;286;9
954000;0;289;9
955000;0;286;9
956000;0;288;9
957000;0;290;9
958000;0;290;8
959000;0;288;8
960000;0;299;9
961000;0;289;9
962000;0;292;8
963000;0;293;9
964000;0;292;8
965000;0;290;9
966000;0;292;9
967000;0;297;9
968000;0;291;9
969000;0;293;9
970000;0;292;9
971000;0;292;9
972000;0;295;9
973000;0;294;9
974000;0;295;9
975000;0;295;9
976000;0;295;9
977000;0;299;9
978000;0;296;9
979000;0;294;9
980000;0;298;9
981000;0;305;9
982000;0;297;9
983000;0;295;8
984000;0;299;9
985000;0;295;9
986000;0;296;9
987000;0;297;9
988000;0;302;10
989000;0;304;9
990000;0;301;9
991000;0;300;9
992000;0;302;9
993000;0;302;9
994000;0;301;9
995000;0;303;12
996000;0;311;10
997000;0;303;9
998000;0;303;9
999000;0;301;9
1000000;0;300;9
