11854
83420
58516
34806
56857
93241
56055
80366
2086
45138
93161
55071
82089
5351
87615
9352
7305
13702
31418
49500
8402
90810
57365
4172
13484
6416
9440
24224
64838
43909
76942
31762
3461
37505
13765
48766
45844
99742
32879
35389
5021
22177
83530
5058
84933
31654
90417
20030
91764
70164
36790
42367
39652
93151
67986
69472
38530
73426
62827
10964
8471
60694
50676
45984
92767
23754
8471
10880
8471
80270
69716
75472
62646
98224
51546
35416
86985
52369
800
12800
14276
20030
69670
33577
29429
50722
79779
27098
50318
82535
27850
1770
86071
70037
33329
39474
41823
45412
66121
21631
2974
4944
90291
6844
78543
42234
79769
84835
94709
54216
90814
34806
58646
93416
74981
17954
70555
51844
60538
66080
3613
74698
29630
10588
57781
87283
37820
80907
84079
18967
9358
43705
60061
62308
16497
73436
32396
6058
18636
39287
33981
26907
34783
69380
46665
28753
40108
98160
94484
81357
17026
14946
48766
61114
60260
14007
32173
10588
44145
4487
301
46505
49973
18230
37022
5672
64352
72257
56665
10096
84593
54644
77888
41683
52022
91114
51500
73797
89532
69243
72326
61075
81723
29733
88477
13702
37626
7248
17101
53383
58646
36999
53383
29630
6932
36451
25652
81894
9810
28448
33534
4944
80360
89343
24539
15089
45984
60489
9388
11891
82016
27273
3675
74064
29705
97407
60201
45844
36894
79970
10972
63880
88185
60540
34900
580
22795
45088
86410
95150
29930
96353
55710
9440
57406
10702
41571
94599
51119
95693
37480
90511
8121
56022
45039
18917
32173
73686
31170
94709
97407
56965
46731
3675
68033
22845
49352
60038
94484
87283
99790
35689
68364
92483
76536
71105
22620
23180
37340
92356
37373
59646
71105
91764
97184
76721
66865
99302
21250
83860
60404
48779
61070
28471
94099
23438
88185
49953
15724
18644
8564
87399
50855
5837
98532
12673
39444
58321
9502
69455
974
60724
73519
38130
40604
20697
76783
18832
66992
1470
59902
37378
18166
5263
50263
65565
43603
4747
28609
76169
57549
1806
79261
609
50855
24636
19493
46731
94266
27063
39239
96166
29049
11024
34319
48910
54274
72754
31170
46731
79970
87284
24797
92133
61862
57096
13064
44952
8632
35283
27461
69380
4321
24386
68480
65555
26330
29137
45540
59018
7721
7721
93611
37820
59748
34584
73144
92523
29075
65478
98141
62308
3153
93186
17179
29089
24262
68017
2903
47368
11854
22601
11335
59451
55999
84835
40108
78098
55999
25102
65657
58161
62358
40765
78119
70810
22845
2491
92114
91711
73797
49820
36894
45605
41571
98423
67356
11996
2974
57917
26885
75049
52022
11111
53383
38946
6094
17565
66081
94636
60024
12869
74884
17343
2502
68705
22701
36451
26718
80943
45471
51546
29969
91590
60489
14550
19211
16871
28947
49124
31654
15013
96231
33379
77971
28381
39594
34708
4873
91883
36178
19493
59192
16614
87098
92216
4056
91177
83778
13409
9598
20895
25652
16583
64045
4077
22743
24137
1112
88477
18182
37661
77532
52628
54274
56308
7721
80749
63204
8607
2712
33945
24357
75986
90368
23180
5021
96016
11752
90710
54477
41480
98224
8351
76117
80246
8314
49787
25184
53012
91348
71064
61114
29137
82584
36404
80402
78596
5097
86309
31354
75635
7400
24224
60851
78391
54141
17004
66281
63573
76396
2108
24314
61127
56097
89351
99219
96864
68993
37378
20201
52812
65030
24612
1002
45826
18166
6416
64045
84773
60547
4944
54274
57081
94562
45138
89293
78495
81647
49282
72673
92431
35594
59416
32081
35385
56665
47341
70401
39857
63204
93081
5854
17064
7487
13484
32482
49130
55425
31354
78831
74392
37402
66121
46900
79421
81727
6023
97330
39941
28419
61887
225
58257
580
15506
25147
44556
55626
45605
14039
6462
64087
72658
89941
20697
26885
36845
38375
5351
18445
32474
2714
86381
32
12326
24612
93759
70285
30667
52004
26609
56921
8440
61887
57000
25200
45572
67986
2903
61070
96016
91883
93872
53777
59416
95829
25112
39474
51511
88125
91590
38014
50722
71058
74444
40075
84460
78275
34378
94205
79970
64504
82584
24064
41887
35270
78495
52980
18288
47785
49130
78985
61998
54403
51513
15323
79261
61976
88125
53777
38696
29796
85165
32879
78831
57917
23961
59725
3153
80445
28054
66058
75032
45941
79571
44906
96282
1120
17120
67324
87283
16512
16373
63978
72257
29796
73797
36028
94787
41683
53380
13706
77170
57838
43711
35314
79049
26661
80402
43339
53731
45554
35147
18466
84388
43640
1737
30110
6416
50756
45941
60694
8351
8560
26716
69670
37603
32219
94587
48062
89484
35532
6610
22330
54274
98160
55999
80907
20691
17156
15001
64606
46577
39580
90368
26620
88881
66600
58164
1251
7387
42367
57549
10055
86863
84386
17954
1383
4321
78391
26071
54917
17154
38035
72257
54563
35541
13458
82668
46360
99377
33945
85165
26001
361
2480
88125
27273
9825
30551
65330
56965
974
82392
93151
18986
82869
93892
64552
8070
66730
22519
2804
53899
70037
73436
24314
81894
55415
63482
70025
96972
58184
28208
28419
77854
93484
69243
25211
18288
90392
62046
72228
38695
2491
46236
35854
57060
64710
59018
75049
90567
66560
54271
47785
40458
96385
11024
60430
55053
78985
78382
98784
86317
98092
32474
49466
84083
62878
56819
65073
25277
59902
49500
64031
25286
35031
93416
5351
39239
1770
28268
27073
4077
33303
66969
19350
55999
87766
4056
10080
57388
49466
80689
66438
65803
32081
55302
22204
94929
62498
17954
11340
92979
38892
42034
1470
85020
17101
96972
16373
83244
87283
97360
53731
84079
45554
27461
85020
35385
4077
25685
41887
34537
28378
14548
27769
31602
91764
54599
15013
99945
1737
17156
78690
17565
66574
75569
45572
37452
73181
94205
96409
28471
97117
26227
15546
12515
55415
44675
23180
26907
79996
56390
38695
70555
76942
35532
33534
96097
45061
73866
90769
34806
40173
2341
56308
66769
38702
24786
42926
78767
13755
45088
19493
83911
3464
97641
88297
8607
83929
86309
56921
14487
31866
20484
25112
94636
16614
24539
30651
24357
53899
60260
71581
35427
35854
11348
47270
70285
56390
14874
50318
91114
56383
90442
33563
50855
98838
56948
86347
77532
13018
99761
95228
43640
58321
60540
3138
82600
91845
93609
78382
24262
71105
32832
35820
19894
19493
38415
60038
69763
54917
31866
16923
35594
57405
35136
2974
40285
59018
8772
29902
39287
56538
58700
93416
70198
9730
28419
35427
94709
63657
5837
82869
52663
87103
49204
42987
69483
80749
31170
40357
98388
93484
96090
68252
28760
89489
54271
15654
225
84773
89318
55999
36173
38130
59902
60851
89697
87027
2351
69432
42362
73686
94929
45188
91711
39201
51483
6392
36028
11210
39239
1647
35594
56022
4005
71513
93416
8070
85165
26560
57405
14192
14394
64352
89097
67107
88881
41891
85429
13005
80938
97395
7070
69768
45844
57081
93241
97242
28927
92356
68252
78408
24539
33446
47341
37480
6230
37092
54821
84079
36987
90710
38181
27823
38415
24636
36178
10972
92097
26248
11705
60430
64085
16440
32487
88305
20697
90810
41683
10297
13953
80491
85858
12600
45532
40069
13054
54884
70037
57405
60201
29311
96166
70349
12136
59760
41585
38035
76300
98956
76377
45138
73936
20696
87649
48234
11335
74884
51546
40075
77952
54216
24224
8306
2086
33170
83756
9725
51787
27554
11481
36701
90769
41353
64632
84463
39444
84463
16614
56383
20201
77170
18910
88684
87649
95228
62417
46900
40069
66566
86889
60114
41393
9440
41395
16676
26811
69455
69295
43640
56085
28753
98838
16497
21563
63799
33446
30542
8025
89749
9664
361
29733
83860
34537
63474
37279
38415
83427
49130
73031
15399
15654
30110
43515
60547
58225
4943
52022
15546
97916
37430
44675
63880
79261
71064
20563
40604
92784
31866
71064
54218
54477
81584
8150
28381
68104
24386
42926
3146
37910
92389
66749
47785
90886
45188
98018
61887
98160
17011
11983
89584
11744
51995
81941
84864
58225
33904
24224
76549
89259
53132
71058
48348
64404
14874
39728
61083
30087
98956
58646
3811
50900
17263
54599
33170
50638
94511
57798
28277
16440
77272
76497
34233
61507
83778
42481
26811
14104
68659
47427
92461
47017
4516
57060
66527
64430
96137
35031
62960
13892
70693
57781
51513
85429
98588
89318
14072
4747
14007
74884
52581
98160
8704
2584
61114
57825
16614
27823
4172
40285
81647
28268
13708
65555
96864
78119
91710
96409
38696
27331
67530
92767
68993
60260
52147
99235
56390
42234
21710
35820
34458
64710
67450
45485
76526
91042
14520
32370
11743
92483
81941
24636
50989
25211
84864
14730
24262
21710
85581
47967
65533
49742
44361
85429
82085
16469
97194
39853
44145
18277
63243
32276
83057
82392
31027
81577
57838
47185
96353
95150
80480
91764
55589
96231
62046
38130
68017
42481
84835
95419
5854
69542
76721
61976
94929
64851
37626
2006
79996
60042
59748
67665
97184
67324
24080
28448
43909
8632
54216
1112
90773
75472
69096
77170
66574
55710
11743
12136
27891
21894
47427
37373
49466
22845
17004
97776
55970
45554
15506
95949
81629
76721
65039
60042
16302
53132
31654
84344
11340
75935
77135
5744
92216
96166
57405
35416
33577
12869
68550
80938
18445
84388
47177
78831
2006
91348
27063
40372
47185
371
40920
41216
96631
28268
27107
71655
22701
98956
9275
7305
16871
9440
85450
41891
57562
46416
96694
26071
78085
98835
30522
62308
78098
49742
97242
89411
62585
42145
38014
64849
76106
27776
94608
59497
48234
8704
26812
37430
89090
91348
17154
49953
79510
20022
29969
40701
98835
68252
53477
76793
44906
2480
42306
10080
74449
40372
80360
41571
91873
30129
34274
42672
527
34892
43967
35283
82690
11983
96166
66999
95177
81723
5021
20696
57131
26560
54288
63169
62878
81647
84933
66560
35389
16871
27016
527
45960
39540
76300
43250
33534
9444
7699
58077
80445
29930
76095
34584
66333
29930
82584
45850
67310
68017
55094
24137
39652
84463
79049
13616
62308
49546
26248
35004
57388
88684
2480
1251
17263
45850
160
19011
5179
87098
12136
79933
32474
9598
30284
68139
42103
28927
60366
31615
47017
11111
14520
7699
37373
84835
70913
90710
88477
66257
66351
89979
23284
57549
11705
20446
86381
51119
50470
74872
31418
73165
9730
2187
29049
97662
99235
39474
11743
84752
26001
49500
28448
88392
1617
98388
59779
24377
37959
49973
36987
3613
36790
98069
47552
96864
11696
86731
17528
96864
35389
35541
89711
48234
80360
20696
85190
66992
1392
25200
72754
18644
22601
43688
19493
39156
18182
9401
3308
64849
60489
29844
83020
62358
90886
89900
28232
97916
98496
11481
97073
7764
47552
40108
48779
98649
66303
63215
48950
1392
21467
64979
48096
24334
88305
34708
44292
83204
1647
14394
97767
67069
25082
72971
66080
57549
29043
78119
59023
27273
67986
98771
75910
34783
89489
25211
73426
14520
29260
51042
13710
5263
81352
39459
12639
2006
31354
42423
23118
451
36178
62005
46096
13702
38530
62466
77854
89556
56383
13948
83991
88305
33297
41170
15089
14039
57781
79535
39015
81894
64404
94865
39580
57096
65310
85177
61976
91037
66574
69096
51546
45412
34806
27891
38035
64954
68001
26001
72257
15458
51546
88305
437
40764
24224
93370
64045
40108
65783
97798
74183
83020
34274
61685
80938
451
77418
17004
65444
28277
68081
95177
15013
37826
73866
33947
67107
58161
32370
36541
31602
83886
24137
21973
55256
63573
60042
39141
22601
86317
63381
92431
52257
68849
46438
26071
54500
370
35158
89293
19011
60547
91988
84460
87398
24797
17996
45412
11996
65444
98835
41183
85450
70913
33947
40357
31489
36043
87649
90368
33551
1470
83860
83886
18565
37279
25277
85249
47562
37402
4955
52735
80366
25374
73426
28760
50900
78098
98532
27113
72228
90940
34094
50618
12782
58257
70164
10659
77849
91764
58321
19011
7248
47785
39446
61998
48148
57388
56665
42034
26619
27823
94511
91675
66940
67530
36845
53659
30542
33551
27823
53383
57126
5672
30667
97916
7070
57857
81717
46416
43
62466
9725
66121
43
9997
24612
30522
73426
23754
61114
30318
34457
63243
37452
71445
94670
27459
6462
86021
58077
79072
5058
37801
88305
51673
8351
62308
2719
53012
88305
37378
13855
68659
17154
23369
85249
26907
98784
71058
81629
71105
39459
94289
82016
13018
37801
69483
64954
91929
24224
82016
68849
45572
52855
57549
18644
35401
25277
10588
73181
29295
88471
33947
66410
25277
15391
75032
3224
44976
951
23944
24357
18288
1251
92584
36109
45412
91733
49953
90710
80366
71211
84752
50263
94511
99742
14603
99235
16676
18967
40069
38130
39853
70349
1762
98141
46731
10702
48096
89550
37904
57702
25309
37092
77888
94999
98423
56965
60851
46446
