100000 7.141
100000 7.075
100000 7.085
100000 7.181
100000 7.109
100000 7.132
100000 7.101
100000 7.132
100000 7.182
100000 7.19
100000 7.063
100000 7.118
100000 7.166
100000 7.091
100000 7.095
100000 7.103
100000 7.488
100000 7.118
100000 7.431
100000 7.019
100000 7.117
100000 7.38
100000 7.17
100000 7.269
100000 7.256
100000 7.146
100000 7.514
100000 7.012
100000 7.14
100000 7.097
100000 7.103
100000 7.245
100000 8.296
100000 7.522
100000 7.474
100000 7.479
100000 7.612
100000 7.295
100000 7.202
100000 7.05
100000 7.196
100000 7.135
100000 7.14
100000 7.139
100000 7.591
100000 7.182
100000 7.139
100000 7.507
100000 8.215
100000 7.168