1000 0.001
2000 0.003
3000 0.007
4000 0.012
5000 0.02
6000 0.035
7000 0.035
8000 0.052
9000 0.065
10000 0.073
11000 0.096
12000 0.107
13000 0.123
14000 0.143
15000 0.16
16000 0.182
17000 0.205
18000 0.24
19000 0.262
20000 0.284
21000 0.324
22000 0.342
23000 0.374
24000 0.418
25000 0.457
26000 0.481
27000 0.519
28000 0.558
29000 0.591
30000 0.648
31000 0.687
32000 0.727
33000 0.791
34000 0.834
35000 0.884
36000 0.94
37000 0.981
38000 1.025
39000 1.094
40000 1.184
41000 1.236
42000 1.314
43000 1.315
44000 1.391
45000 1.528
46000 1.512
47000 1.58
48000 1.644
49000 1.731
50000 1.785
51000 1.88
52000 1.942
53000 2.039
54000 2.114
55000 2.185
56000 2.241
57000 2.301
58000 2.4
59000 2.521
60000 2.578
61000 2.685
62000 2.77
63000 2.833
64000 2.927
65000 3.019
66000 3.124
67000 3.195
68000 3.301
69000 3.367
70000 3.473
71000 3.569
72000 3.673
73000 3.777
74000 3.911
75000 3.967
76000 4.072
77000 4.205
78000 4.333
79000 4.41
80000 4.513
81000 4.651
82000 4.795
83000 4.853
84000 5
85000 5.148
86000 5.286
87000 5.349
88000 5.458
89000 5.616
90000 5.768
91000 5.901
92000 6.03
93000 6.136
94000 6.331
95000 6.403
96000 6.608
97000 6.753
98000 6.865
99000 7
100000 7.15
101000 7.229
102000 7.422
103000 7.535
104000 7.639
105000 7.784
106000 7.925
107000 8.1
108000 8.213
109000 8.422
110000 8.575
111000 8.754
112000 8.823
113000 9.022
114000 9.207
115000 9.329
116000 9.495
117000 9.656
118000 9.908
119000 9.937
120000 10.281
121000 10.344
122000 10.656
123000 10.844
124000 10.989
125000 11.159
126000 11.243
127000 11.436
128000 11.652
129000 11.826
130000 12.033
131000 12.191
132000 12.478
133000 12.54
134000 12.729
135000 12.933
136000 13.151
137000 13.402
138000 13.54
139000 13.766
140000 13.892
141000 14.13
142000 14.318
143000 14.616
144000 14.852
145000 14.913
146000 15.269
147000 15.45
148000 15.635
149000 15.815
150000 15.88
151000 16.135
152000 16.376
153000 16.49
154000 16.716
155000 17.01
156000 17.394
157000 17.603
158000 17.816
159000 17.984
160000 18.106
161000 18.564
162000 18.614
163000 18.973
164000 19.186
165000 19.37
166000 19.538
167000 19.786
168000 20.083
169000 20.185
170000 20.517
171000 20.561
172000 21.057
173000 21.241
174000 21.525
175000 21.918
176000 22.011
177000 22.405
178000 22.716
179000 22.796
180000 22.918
181000 23.177
182000 23.587
183000 23.653
184000 23.934
185000 24.225
186000 24.617
187000 24.791
188000 25.136
189000 25.475
190000 25.571
191000 25.858
192000 26.21
193000 26.226
194000 26.416
195000 26.648
196000 26.874
197000 27.258
198000 27.466
199000 27.753
200000 28.058
201000 28.497
202000 28.565
203000 29.328
204000 29.433
205000 29.662
206000 29.943
207000 30.466
208000 30.643
209000 30.925
210000 31.418
211000 31.55
212000 31.885
213000 32.289
214000 32.483
215000 32.726
216000 33.118
217000 33.425
218000 33.791
219000 33.969
220000 34.525
221000 34.56
222000 34.996
223000 35.134
224000 35.671
225000 35.997
226000 36.234
227000 36.519
228000 36.889
229000 37.117
230000 37.42
231000 37.949
232000 38.15
233000 38.461
234000 38.831
235000 39.086
236000 39.398
237000 39.793
238000 40.126
239000 40.594
240000 40.866
241000 40.739
242000 41.427
243000 41.825
244000 42.165
245000 42.599
246000 42.905
247000 43.139
248000 43.66
249000 43.959
250000 44.274
251000 44.501
252000 45.042
253000 45.409
254000 45.871
255000 45.977
256000 46.177
257000 47.022
258000 47.034
259000 47.076
260000 47.395
261000 47.612
262000 48.384
263000 48.93
264000 49.352
265000 49.603
266000 49.987
267000 50.877
268000 50.885
269000 51.265
270000 51.687
271000 51.915
272000 52.302
273000 52.683
275000 56.194
276000 54.051
277000 54.502
279000 55.03
280000 55.044
281000 55.722
282000 56.156
283000 56.653
284000 57.177
285000 57.87
286000 58.494
287000 59.94
288000 59.003
291000 60.56
292000 60.302
293000 60.377
294000 61.129
295000 61.434
296000 61.581
297000 62.16
298000 62.515
299000 62.983
300000 63.498
301000 63.57
302000 64.149
303000 64.473
304000 65.082
305000 65.388
306000 65.923
307000 66.219
308000 66.38
309000 66.683
310000 67.143
311000 67.663
312000 68.008
313000 68.69
314000 68.728
315000 69.438
316000 69.645
317000 70.005
318000 70.34
319000 71.081
320000 71.487
321000 71.865
322000 72.393
323000 72.91
324000 73.37
325000 73.418
326000 74.017
327000 74.656
328000 75.087
329000 75.392
330000 75.999
331000 76.477
332000 76.981
333000 77.515
334000 77.987
335000 78.488
336000 78.733
337000 79.507
338000 79.585
339000 80.279
340000 80.569
341000 81.288
342000 82.454
343000 82.187
344000 82.735
345000 83.416
346000 83.867
347000 84.118
348000 84.602
349000 85.194
350000 85.687
351000 86.136
352000 86.717
353000 87.145
354000 87.846
355000 87.989
356000 88.421
357000 88.962
358000 89.302
359000 90.194
360000 90.731
361000 91.428
362000 91.663
363000 92.321
364000 92.725
365000 93.163
366000 93.666
367000 94.365
368000 94.588
369000 95.309
370000 95.8
371000 96.076
372000 96.834
373000 97.365
374000 97.972
375000 98.266
376000 99.062
377000 99.307
378000 100.159
379000 101.062
380000 100.643
381000 101.47
382000 101.932
383000 102.378
384000 102.898
385000 103.455
386000 103.984
387000 104.719
388000 105.09
389000 105.438
390000 106.76
391000 107.806
392000 108.236
393000 108.795
394000 109.374
395000 109.842
396000 113.204
397000 113.567
400000 116.741
500000 175.098
600000 250.179
700000 342.166
800000 466.182
900000 584.404
1000000 710.52