10000 0.073
10000 0.071
10000 0.086
10000 0.073
10000 0.078
10000 0.071
10000 0.074
10000 0.072
10000 0.071
10000 0.073
10000 0.076
10000 0.072
10000 0.071
10000 0.073
10000 0.071
10000 0.07
10000 0.072
10000 0.071
10000 0.071
10000 0.072
10000 0.073
10000 0.071
10000 0.072
10000 0.072
10000 0.071
10000 0.073
10000 0.072
10000 0.072
10000 0.072
10000 0.073
10000 0.072
10000 0.071
10000 0.071
10000 0.073
10000 0.073
10000 0.072
10000 0.071
10000 0.072
10000 0.07
10000 0.077
10000 0.07
10000 0.07
10000 0.072
10000 0.071
10000 0.071
10000 0.072
10000 0.072
10000 0.073
10000 0.073