10000 0.36
10000 0.35
10000 0.326
10000 0.32
10000 0.312
10000 0.311
10000 0.322
10000 0.32
10000 0.318
10000 0.303
10000 0.308
10000 0.311
10000 0.3
10000 0.305
10000 0.3
10000 0.304
10000 0.302
10000 0.307
10000 0.302
10000 0.304
10000 0.302
10000 0.302
10000 0.317
10000 0.306
10000 0.302
10000 0.304
10000 0.303
10000 0.301
10000 0.31
10000 0.303
10000 0.304
10000 0.306
10000 0.305
10000 0.302
10000 0.3
10000 0.303
10000 0.305
10000 0.308
10000 0.303
10000 0.305
10000 0.304
10000 0.308
10000 0.302
10000 0.306
10000 0.305
10000 0.306
10000 0.305
10000 0.305
10000 0.305
10000 0.305