100000 0.317
100000 0.322
100000 0.314
100000 0.312
100000 0.33
100000 0.347
100000 0.354
100000 0.368
100000 0.322
100000 0.326
100000 0.33
100000 0.316
100000 0.358
100000 0.333
100000 0.322
100000 0.31
100000 0.311
100000 0.309
100000 0.311
100000 0.315
100000 0.311
100000 0.318
100000 0.316
100000 0.313
100000 0.313
100000 0.313
100000 0.32
100000 0.319
100000 0.311
100000 0.309
100000 0.313
100000 0.313
100000 0.312
100000 0.316
100000 0.31
100000 0.315
100000 0.312
100000 0.322
100000 0.313
100000 0.312
100000 0.312
100000 0.31
100000 0.316
100000 0.308
100000 0.309
100000 0.315
100000 0.311
100000 0.312
100000 0.313
100000 0.311