1000 0.303
2000 0.318
3000 0.297
4000 0.299
5000 0.3
6000 0.298
7000 0.3
8000 0.301
9000 0.303
10000 0.302
11000 0.302
12000 0.299
13000 0.299
14000 0.294
15000 0.302
16000 0.295
17000 0.297
18000 0.305
19000 0.296
20000 0.304
21000 0.296
22000 0.301
23000 0.304
24000 0.311
25000 0.3
26000 0.31
27000 0.311
28000 0.315
29000 0.301
30000 0.3
31000 0.301
32000 0.304
33000 0.299
34000 0.302
35000 0.299
36000 0.308
37000 0.303
38000 0.302
39000 0.303
40000 0.304
41000 0.302
42000 0.307
43000 0.306
44000 0.3
45000 0.302
46000 0.301
47000 0.314
48000 0.301
49000 0.306
50000 0.3
51000 0.305
52000 0.318
53000 0.3
54000 0.303
55000 0.303
56000 0.306
57000 0.3
58000 0.298
59000 0.309
60000 0.301
61000 0.302
62000 0.315
63000 0.302
64000 0.302
65000 0.305
66000 0.308
67000 0.306
68000 0.312
69000 0.31
70000 0.333
71000 0.313
72000 0.305
73000 0.303
74000 0.306
75000 0.303
76000 0.318
77000 0.312
78000 0.303
79000 0.304
80000 0.315
81000 0.305
82000 0.306
83000 0.317
84000 0.306
85000 0.311
86000 0.316
87000 0.308
88000 0.308
89000 0.31
90000 0.305
91000 0.31
92000 0.304
93000 0.307
94000 0.312
95000 0.324
96000 0.311
97000 0.308
98000 0.311
99000 0.317
100000 0.308
101000 0.318
102000 0.308
103000 0.315
104000 0.316
105000 0.311
106000 0.306
107000 0.309
108000 0.322
109000 0.306
110000 0.307
111000 0.307
112000 0.305
113000 0.309
114000 0.305
115000 0.315
116000 0.315
117000 0.306
118000 0.309
119000 0.315
120000 0.323
121000 0.316
122000 0.306
123000 0.314
124000 0.309
125000 0.304
126000 0.317
127000 0.309
128000 0.313
129000 0.315
130000 0.311
131000 0.308
132000 0.312
133000 0.307
134000 0.318
135000 0.312
136000 0.317
137000 0.31
138000 0.324
139000 0.312
140000 0.316
141000 0.314
142000 0.312
143000 0.315
144000 0.321
145000 0.307
146000 0.311
147000 0.311
148000 0.315
149000 0.316
150000 0.31
151000 0.325
152000 0.316
153000 0.313
154000 0.329
155000 0.316
156000 0.314
157000 0.316
158000 0.315
159000 0.318
160000 0.312
161000 0.319
162000 0.322
163000 0.313
164000 0.317
165000 0.325
166000 0.315
167000 0.318
168000 0.318
169000 0.313
170000 0.326
171000 0.315
172000 0.329
173000 0.318
174000 0.329
175000 0.317
176000 0.324
177000 0.318
178000 0.317
179000 0.332
180000 0.314
181000 0.331
182000 0.317
183000 0.323
184000 0.328
185000 0.319
186000 0.313
187000 0.32
188000 0.325
189000 0.315
190000 0.322
191000 0.319
192000 0.336
193000 0.32
194000 0.318
195000 0.325
196000 0.316
197000 0.321
198000 0.32
199000 0.319
200000 0.317
201000 0.336
202000 0.322
203000 0.325
204000 0.324
205000 0.319
206000 0.326
207000 0.323
208000 0.317
209000 0.32
210000 0.323
211000 0.331
212000 0.326
213000 0.33
214000 0.326
215000 0.32
216000 0.32
217000 0.33
218000 0.319
219000 0.323
220000 0.318
221000 0.319
222000 0.32
223000 0.315
224000 0.326
225000 0.321
226000 0.324
227000 0.324
228000 0.335
229000 0.321
230000 0.331
231000 0.32
232000 0.325
233000 0.329
234000 0.321
235000 0.334
236000 0.326
237000 0.327
238000 0.324
239000 0.325
240000 0.338
241000 0.338
242000 0.339
243000 0.324
244000 0.324
245000 0.328
246000 0.328
247000 0.333
248000 0.325
249000 0.339
250000 0.33
251000 0.337
252000 0.325
253000 0.331
254000 0.328
255000 0.325
256000 0.329
257000 0.323
258000 0.331
259000 0.326
260000 0.329
261000 0.324
262000 0.339
263000 0.334
264000 0.327
265000 0.332
266000 0.325
267000 0.331
268000 0.331
269000 0.331
270000 0.329
271000 0.335
272000 0.325
273000 0.331
274000 0.331
275000 0.327
276000 0.344
277000 0.341
278000 0.333
279000 0.326
280000 0.335
281000 0.328
282000 0.33
283000 0.344
284000 0.33
285000 0.332
286000 0.325
287000 0.332
288000 0.328
289000 0.33
290000 0.329
291000 0.334
292000 0.325
293000 0.331
294000 0.329
295000 0.343
296000 0.353
297000 0.332
298000 0.343
299000 0.331
300000 0.335
301000 0.329
302000 0.336
303000 0.331
304000 0.336
305000 0.334
306000 0.348
307000 0.332
308000 0.339
309000 0.333
310000 0.331
311000 0.338
312000 0.337
313000 0.336
314000 0.34
315000 0.339
316000 0.335
317000 0.332
318000 0.345
319000 0.334
320000 0.35
321000 0.33
322000 0.35
323000 0.339
324000 0.329
325000 0.338
326000 0.328
327000 0.335
328000 0.337
329000 0.334
330000 0.336
331000 0.34
332000 0.338
333000 0.334
334000 0.337
335000 0.333
336000 0.341
337000 0.335
338000 0.335
339000 0.357
340000 0.344
341000 0.343
342000 0.356
343000 0.351
344000 0.354
345000 0.356
346000 0.359
347000 0.359
348000 0.342
349000 0.339
350000 0.338
351000 0.35
352000 0.344
353000 0.334
354000 0.343
355000 0.338
356000 0.334
357000 0.341
358000 0.338
359000 0.337
360000 0.344
361000 0.338
362000 0.343
363000 0.339
364000 0.346
365000 0.333
366000 0.367
367000 0.343
368000 0.338
369000 0.354
370000 0.343
371000 0.339
372000 0.34
373000 0.342
374000 0.348
375000 0.335
376000 0.346
377000 0.346
378000 0.34
379000 0.341
380000 0.346
381000 0.34
382000 0.352
383000 0.337
384000 0.346
385000 0.34
386000 0.343
387000 0.342
388000 0.345
389000 0.341
390000 0.36
391000 0.359
392000 0.353
393000 0.354
394000 0.347
395000 0.343
396000 0.347
397000 0.34
398000 0.353
399000 0.342
400000 0.358
401000 0.337
402000 0.347
403000 0.345
404000 0.348
405000 0.342
406000 0.353
407000 0.346
408000 0.359
409000 0.347
410000 0.358
411000 0.348
412000 0.34
413000 0.343
414000 0.344
415000 0.345
416000 0.352
417000 0.344
418000 0.358
419000 0.353
420000 0.348
421000 0.36
422000 0.362
423000 0.366
424000 0.347
425000 0.361
426000 0.357
427000 0.38
428000 0.363
429000 0.358
430000 0.355
431000 0.357
432000 0.347
433000 0.363
434000 0.349
435000 0.372
436000 0.369
437000 0.37
438000 0.363
439000 0.356
440000 0.372
441000 0.386
442000 0.406
443000 0.363
444000 0.351
445000 0.399
446000 0.376
447000 0.43
448000 0.369
449000 0.381
450000 0.366
451000 0.37
452000 0.385
453000 0.355
454000 0.373
455000 0.38
456000 0.371
457000 0.38
458000 0.371
459000 0.369
460000 0.37
461000 0.402
462000 0.376
463000 0.387
464000 0.376
465000 0.385
466000 0.378
467000 0.371
468000 0.375
469000 0.356
470000 0.356
471000 0.362
472000 0.378
473000 0.371
474000 0.41
475000 0.371
476000 0.354
477000 0.367
478000 0.375
479000 0.373
480000 0.369
481000 0.375
482000 0.373
483000 0.355
484000 0.359
485000 0.372
486000 0.368
487000 0.371
488000 0.373
489000 0.374
490000 0.357
491000 0.357
492000 0.377
493000 0.37
494000 0.366
495000 0.362
496000 0.373
497000 0.359
498000 0.362
499000 0.357
500000 0.366
501000 0.365
502000 0.376
503000 0.379
504000 0.444
505000 0.366
506000 0.373
507000 0.375
508000 0.376
509000 0.378
510000 0.378
511000 0.364
512000 0.379
513000 0.39
514000 0.394
515000 0.374
516000 0.365
517000 0.382
518000 0.36
519000 0.382
520000 0.38
521000 0.378
522000 0.378
523000 0.361
524000 0.383
525000 0.378
526000 0.374
527000 0.376
528000 0.367
529000 0.368
530000 0.364
531000 0.384
532000 0.375
533000 0.369
534000 0.378
535000 0.366
536000 0.384
537000 0.375
538000 0.359
539000 0.365
540000 0.365
541000 0.371
542000 0.37
543000 0.361
544000 0.385
545000 0.364
546000 0.381
547000 0.383
548000 0.378
549000 0.365
550000 0.362
551000 0.369
552000 0.366
553000 0.393
554000 0.387
555000 0.368
556000 0.383
557000 0.383
558000 0.387
559000 0.384
560000 0.36
561000 0.386
562000 0.382
563000 0.367
564000 0.366
565000 0.371
566000 0.386
567000 0.383
568000 0.376
569000 0.39
570000 0.422
571000 0.383
572000 0.385
573000 0.369
574000 0.386
575000 0.372
576000 0.37
577000 0.38
578000 0.378
579000 0.386
580000 0.369
581000 0.376
582000 0.381
583000 0.364
584000 0.402
585000 0.419
586000 0.381
587000 0.378
588000 0.369
589000 0.374
590000 0.372
591000 0.371
592000 0.377
593000 0.376
594000 0.375
595000 0.373
596000 0.372
597000 0.377
598000 0.375
599000 0.373
600000 0.38
601000 0.378
602000 0.383
603000 0.391
604000 0.379
605000 0.377
606000 0.378
607000 0.373
608000 0.375
609000 0.375
610000 0.38
611000 0.379
612000 0.383
613000 0.374
614000 0.377
615000 0.38
616000 0.386
617000 0.39
618000 0.384
619000 0.381
620000 0.375
621000 0.379
622000 0.384
623000 0.385
624000 0.381
625000 0.379
626000 0.376
627000 0.403
628000 0.393
629000 0.382
630000 0.383
631000 0.384
632000 0.382
633000 0.386
634000 0.383
635000 0.384
636000 0.409
637000 0.38
638000 0.377
639000 0.377
640000 0.393
641000 0.387
642000 0.379
643000 0.388
644000 0.386
645000 0.386
646000 0.385
647000 0.379
648000 0.387
649000 0.383
650000 0.396
651000 0.386
652000 0.389
653000 0.382
654000 0.386
655000 0.386
656000 0.383
657000 0.383
658000 0.387
659000 0.388
660000 0.385
661000 0.384
662000 0.381
663000 0.391
664000 0.392
665000 0.379
666000 0.387
667000 0.382
668000 0.387
669000 0.39
670000 0.392
671000 0.448
672000 0.388
673000 0.383
674000 0.395
675000 0.385
676000 0.393
677000 0.394
678000 0.394
679000 0.389
680000 0.388
681000 0.39
682000 0.385
683000 0.391
684000 0.396
685000 0.394
686000 0.39
687000 0.393
688000 0.387
689000 0.394
690000 0.395
691000 0.389
692000 0.391
693000 0.396
694000 0.393
695000 0.396
696000 0.409
697000 0.394
698000 0.391
699000 0.392
700000 0.386
701000 0.387
702000 0.399
703000 0.392
704000 0.388
705000 0.396
706000 0.396
707000 0.434
708000 0.396
709000 0.401
710000 0.392
711000 0.398
712000 0.39
713000 0.398
714000 0.394
715000 0.389
716000 0.397
717000 0.399
718000 0.406
719000 0.396
720000 0.388
721000 0.395
722000 0.392
723000 0.391
724000 0.397
725000 0.396
726000 0.394
727000 0.395
728000 0.404
729000 0.396
730000 0.391
731000 0.405
732000 0.391
733000 0.391
734000 0.399
735000 0.389
736000 0.396
737000 0.392
738000 0.395
739000 0.396
740000 0.403
741000 0.39
742000 0.399
743000 0.398
744000 0.401
745000 0.397
746000 0.399
747000 0.404
748000 0.401
749000 0.398
750000 0.403
751000 0.398
752000 0.4
753000 0.407
754000 0.393
755000 0.396
756000 0.392
757000 0.401
758000 0.399
759000 0.402
760000 0.397
761000 0.404
762000 0.402
763000 0.398
764000 0.397
765000 0.406
766000 0.407
767000 0.397
768000 0.403
769000 0.4
770000 0.403
771000 0.404
772000 0.404
773000 0.4
774000 0.398
775000 0.4
776000 0.405
777000 0.403
778000 0.399
779000 0.401
780000 0.403
781000 0.4
782000 0.451
783000 0.414
784000 0.398
785000 0.403
786000 0.4
787000 0.407
788000 0.41
789000 0.403
790000 0.401
791000 0.407
792000 0.403
793000 0.399
794000 0.404
795000 0.408
796000 0.414
797000 0.404
798000 0.401
799000 0.407
800000 0.403
801000 0.403
802000 0.405
803000 0.403
804000 0.405
805000 0.406
806000 0.4
807000 0.408
808000 0.41
809000 0.403
810000 0.404
811000 0.41
812000 0.407
813000 0.417
814000 0.406
815000 0.415
816000 0.405
817000 0.401
818000 0.409
819000 0.403
820000 0.404
821000 0.408
822000 0.41
823000 0.409
824000 0.409
825000 0.414
826000 0.409
827000 0.41
828000 0.402
829000 0.41
830000 0.412
831000 0.411
832000 0.413
833000 0.406
834000 0.409
835000 0.414
836000 0.411
837000 0.409
838000 0.407
839000 0.414
840000 0.409
841000 0.408
842000 0.412
843000 0.408
844000 0.411
845000 0.427
846000 0.412
847000 0.408
848000 0.418
849000 0.417
850000 0.47
851000 0.418
852000 0.408
853000 0.411
854000 0.418
855000 0.411
856000 0.408
857000 0.411
858000 0.414
859000 0.419
860000 0.413
861000 0.415
862000 0.415
863000 0.418
864000 0.412
865000 0.419
866000 0.422
867000 0.415
868000 0.415
869000 0.418
870000 0.41
871000 0.408
872000 0.416
873000 0.411
874000 0.418
875000 0.404
876000 0.409
877000 0.414
878000 0.419
879000 0.423
880000 0.413
881000 0.417
882000 0.413
883000 0.418
884000 0.418
885000 0.413
886000 0.429
887000 0.421
888000 0.421
889000 0.419
890000 0.418
891000 0.42
892000 0.419
893000 0.418
894000 0.412
895000 0.42
896000 0.417
897000 0.422
898000 0.415
899000 0.422
900000 0.414
901000 0.42
902000 0.42
903000 0.418
904000 0.418
905000 0.433
906000 0.418
907000 0.416
908000 0.423
909000 0.422
910000 0.417
911000 0.412
912000 0.419
913000 0.426
914000 0.415
915000 0.417
916000 0.423
917000 0.432
918000 0.436
919000 0.429
920000 0.421
921000 0.418
922000 0.421
923000 0.414
924000 0.42
925000 0.431
926000 0.438
927000 0.42
928000 0.429
929000 0.426
930000 0.423
931000 0.423
932000 0.43
933000 0.431
934000 0.426
935000 0.424
936000 0.426
937000 0.427
938000 0.428
939000 0.425
940000 0.427
941000 0.424
942000 0.422
943000 0.44
944000 0.42
945000 0.427
946000 0.424
947000 0.426
948000 0.429
949000 0.42
950000 0.421
951000 0.421
952000 0.424
953000 0.438
954000 0.425
955000 0.426
956000 0.428
957000 0.429
958000 0.427
959000 0.429
960000 0.422
961000 0.43
962000 0.477
963000 0.437
964000 0.426
965000 0.433
966000 0.429
967000 0.426
968000 0.433
969000 0.434
970000 0.437
971000 0.426
972000 0.426
973000 0.428
974000 0.428
975000 0.428
976000 0.424
977000 0.421
978000 0.439
979000 0.431
980000 0.432
981000 0.448
982000 0.429
983000 0.433
984000 0.435
985000 0.432
986000 0.426
987000 0.427
988000 0.433
989000 0.436
990000 0.425
991000 0.419
992000 0.434
993000 0.429
994000 0.432
995000 0.436
996000 0.44
997000 0.431
998000 0.431
999000 0.448
1000000 0.450
2000000 0.572
3000000 0.721
4000000 0.858
5000000 1.026
6000000 1.152
7000000 1.309
8000000 1.459
9000000 1.603
10000000 1.752