100000 0.07
100000 0.067
100000 0.07
100000 0.069
100000 0.068
100000 0.067
100000 0.067
100000 0.067
100000 0.067
100000 0.066
100000 0.067
100000 0.066
100000 0.066
100000 0.068
100000 0.067
100000 0.066
100000 0.067
100000 0.067
100000 0.068
100000 0.066
100000 0.068
100000 0.067
100000 0.067
100000 0.067
100000 0.069
100000 0.071
100000 0.067
100000 0.067
100000 0.066
100000 0.067
100000 0.066
100000 0.067
100000 0.066
100000 0.068
100000 0.067
100000 0.067
100000 0.067
100000 0.067
100000 0.066
100000 0.067
100000 0.068
100000 0.067
100000 0.067
100000 0.067
100000 0.066
100000 0.066
100000 0.067
100000 0.066
100000 0.067
100000 0.066