10000 0.005
10000 0.006
10000 0.005
10000 0.006
10000 0.006
10000 0.005
10000 0.005
10000 0.006
10000 0.005
10000 0.006
10000 0.006
10000 0.005
10000 0.005
10000 0.005
10000 0.004
10000 0.005
10000 0.005
10000 0.005
10000 0.004
10000 0.006
10000 0.005
10000 0.005
10000 0.005
10000 0.005
10000 0.005
10000 0.006
10000 0.005
10000 0.006
10000 0.005
10000 0.005
10000 0.005
10000 0.005
10000 0.006
10000 0.005
10000 0.005
10000 0.005
10000 0.006
10000 0.005
10000 0.005
10000 0.006
10000 0.005
10000 0.006
10000 0.005
10000 0.004
10000 0.005
10000 0.005
10000 0.004
10000 0.005
10000 0.005
10000 0.005